2 1.260805e-02
2 1.038885e-02
2 9.245157e-03
2 8.731127e-03
2 8.364916e-03
2 7.740021e-03
2 7.424116e-03
2 7.179976e-03
2 6.754875e-03
2 6.643057e-03
2 6.300926e-03
2 6.181002e-03
2 5.918026e-03
2 5.829096e-03
2 5.606174e-03
2 5.563974e-03
2 5.306959e-03
2 5.303860e-03
2 5.064011e-03
2 5.041122e-03
2 4.909992e-03
2 4.795074e-03
2 4.795790e-03
2 4.569054e-03
2 3.969193e-03
2 2.604961e-03
2 2.606869e-03
2 2.619028e-03
2 2.622843e-03
2 2.655983e-03
2 2.622128e-03
2 2.586126e-03
2 2.595901e-03
2 2.591848e-03
2 2.581120e-03
2 2.634048e-03
2 2.615213e-03
2 2.585173e-03
2 2.617121e-03
2 2.619982e-03
2 2.573013e-03
2 2.599955e-03
2 2.607107e-03
2 2.585173e-03
2 2.602816e-03
2 2.602100e-03
2 2.611160e-03
2 2.579927e-03
2 2.586842e-03
2 2.578974e-03
2 2.588034e-03
2 2.582073e-03
2 2.581120e-03
2 2.588987e-03
2 2.583981e-03
2 2.586126e-03
2 2.585888e-03
2 2.577066e-03
2 2.590179e-03
2 2.583027e-03
2 2.561092e-03
2 2.581120e-03
2 2.583981e-03
2 2.600193e-03
2 2.582073e-03
2 2.601862e-03
2 2.542019e-03
2 2.557993e-03
2 2.591848e-03
2 2.609015e-03
2 2.573967e-03
2 2.569914e-03
2 2.572060e-03
2 2.559900e-03
2 2.573013e-03
2 2.573013e-03
2 2.569914e-03
2 2.569914e-03
2 2.576113e-03
2 2.572060e-03
2 2.580881e-03
2 2.578020e-03
2 2.584934e-03
2 2.594948e-03
2 2.599001e-03
2 2.604008e-03
2 2.588034e-03
2 2.623081e-03
2 2.610922e-03
2 2.563953e-03
2 2.604961e-03
2 2.596855e-03
2 2.598047e-03
2 2.597809e-03
2 2.582073e-03
2 2.639055e-03
2 2.635956e-03
2 2.584934e-03
2 2.603054e-03
2 2.618790e-03
4 2.619982e-03
4 1.372099e-03
4 1.395941e-03
4 1.396179e-03
4 1.366138e-03
4 1.390934e-03
4 1.393080e-03
4 1.390934e-03
4 1.392126e-03
4 1.394987e-03
4 1.392841e-03
4 1.389027e-03
4 1.394987e-03
4 1.392126e-03
4 1.389027e-03
4 1.381159e-03
4 1.395941e-03
4 1.393080e-03
4 1.391888e-03
4 1.392126e-03
4 1.393080e-03
4 1.390934e-03
4 1.391172e-03
4 1.392841e-03
4 1.389980e-03
4 1.389980e-03
4 1.390934e-03
4 1.395941e-03
4 1.391172e-03
4 1.392126e-03
4 1.389980e-03
4 1.390934e-03
4 1.390934e-03
4 1.392126e-03
4 1.391888e-03
4 1.385927e-03
4 1.396179e-03
4 1.395941e-03
4 1.399994e-03
4 1.399994e-03
4 1.400948e-03
4 1.402855e-03
4 1.400232e-03
4 1.398087e-03
4 1.394033e-03
4 1.386881e-03
4 1.386166e-03
4 1.391888e-03
4 1.393080e-03
4 1.392841e-03
4 1.393080e-03
4 1.389027e-03
4 1.393080e-03
4 1.394033e-03
4 1.393080e-03
4 1.396894e-03
4 1.388073e-03
4 1.399040e-03
4 1.384974e-03
4 1.391888e-03
4 1.392126e-03
4 1.388788e-03
4 1.388788e-03
4 1.389980e-03
4 1.379013e-03
4 1.390934e-03
4 1.389980e-03
4 1.388073e-03
4 1.391888e-03
4 1.381159e-03
4 1.391888e-03
4 1.390934e-03
4 1.386166e-03
4 1.390934e-03
4 1.394033e-03
4 1.381874e-03
4 1.395941e-03
4 1.395941e-03
4 1.392841e-03
4 1.394987e-03
4 1.394033e-03
4 1.394033e-03
4 1.389980e-03
4 1.391888e-03
4 1.389980e-03
4 1.392841e-03
4 1.384020e-03
4 1.390934e-03
4 1.392126e-03
4 1.396894e-03
4 1.399040e-03
4 1.399994e-03
4 1.399040e-03
4 1.403809e-03
4 1.402855e-03
4 1.399994e-03
4 1.400948e-03
4 1.405001e-03
4 1.403093e-03
4 1.402140e-03
6 1.966000e-03
6 1.446009e-03
6 1.443863e-03
6 1.443863e-03
6 1.446009e-03
6 1.441002e-03
6 1.448870e-03
6 1.445055e-03
6 1.448154e-03
6 1.447201e-03
6 1.447201e-03
6 1.447916e-03
6 1.443863e-03
6 1.446962e-03
6 1.446009e-03
6 1.443148e-03
6 1.441956e-03
6 1.445055e-03
6 1.446009e-03
6 1.438856e-03
6 1.445055e-03
6 1.446009e-03
6 1.442909e-03
6 1.446962e-03
6 1.444101e-03
6 1.442909e-03
6 1.446009e-03
6 1.450062e-03
6 1.441956e-03
6 1.445055e-03
6 1.442909e-03
6 1.442909e-03
6 1.445055e-03
6 1.446009e-03
6 1.446009e-03
6 1.446009e-03
6 1.444817e-03
6 1.440048e-03
6 1.444101e-03
6 1.447201e-03
6 1.447916e-03
6 1.445055e-03
6 1.440048e-03
6 1.439810e-03
6 1.446009e-03
6 1.441002e-03
6 1.437902e-03
6 1.442909e-03
6 1.445055e-03
6 1.446962e-03
6 1.443863e-03
6 1.443148e-03
6 1.446009e-03
6 1.449108e-03
6 1.448870e-03
6 1.445055e-03
6 1.444101e-03
6 1.445055e-03
6 1.438141e-03
6 1.442909e-03
6 1.446009e-03
6 1.435995e-03
6 1.455069e-03
6 1.443863e-03
6 1.440048e-03
6 1.446962e-03
6 1.445055e-03
6 1.447916e-03
6 1.445055e-03
6 1.444101e-03
6 1.446962e-03
6 1.437902e-03
6 1.443148e-03
6 1.471996e-03
6 1.445055e-03
6 1.449823e-03
6 1.438141e-03
6 1.450777e-03
6 1.449108e-03
6 1.442909e-03
6 1.449108e-03
6 1.448870e-03
6 1.443148e-03
6 1.441002e-03
6 1.445055e-03
6 1.451969e-03
6 1.448154e-03
6 1.460075e-03
6 1.429081e-03
6 1.434088e-03
6 1.432896e-03
6 1.438141e-03
6 1.435041e-03
6 1.441956e-03
6 1.445055e-03
6 1.446962e-03
6 1.446009e-03
6 1.436949e-03
6 1.441956e-03
6 1.443148e-03
8 4.849911e-03
8 4.808187e-03
8 2.230883e-03
8 1.096010e-03
8 1.096010e-03
8 1.093149e-03
8 1.096010e-03
8 1.104832e-03
8 1.094103e-03
8 1.096010e-03
8 1.098871e-03
8 1.096964e-03
8 1.096964e-03
8 1.096964e-03
8 1.105070e-03
8 1.082897e-03
8 1.096010e-03
8 1.094103e-03
8 1.097918e-03
8 1.099825e-03
8 1.098156e-03
8 1.097918e-03
8 1.101017e-03
8 1.103878e-03
8 1.100063e-03
8 1.105070e-03
8 1.096964e-03
8 1.096010e-03
8 1.106024e-03
8 1.098156e-03
8 1.101971e-03
8 1.101971e-03
8 1.101971e-03
8 1.094103e-03
8 1.093864e-03
8 1.093149e-03
8 1.097202e-03
8 1.101017e-03
8 1.096964e-03
8 1.096964e-03
8 1.101017e-03
8 1.114845e-03
8 1.106024e-03
8 1.098156e-03
8 1.101971e-03
8 1.101017e-03
8 1.116991e-03
8 1.110077e-03
8 1.111984e-03
8 1.111984e-03
8 1.116991e-03
8 1.111984e-03
8 1.106977e-03
8 1.115084e-03
8 1.102924e-03
8 1.107931e-03
8 1.111031e-03
8 1.115084e-03
8 1.102924e-03
8 1.116037e-03
8 1.106024e-03
8 1.117945e-03
8 1.114130e-03
8 1.104832e-03
8 1.106977e-03
8 1.125097e-03
8 1.119852e-03
8 1.121998e-03
8 1.110792e-03
8 1.127958e-03
8 1.128912e-03
8 1.112938e-03
8 1.122952e-03
8 1.128912e-03
8 1.131058e-03
8 1.092911e-03
8 1.095057e-03
8 1.097918e-03
8 1.102924e-03
8 1.099110e-03
8 1.092911e-03
8 1.100063e-03
8 1.104832e-03
8 1.097918e-03
8 1.096964e-03
8 1.103878e-03
8 1.105070e-03
8 1.097918e-03
8 1.104116e-03
8 1.101971e-03
8 1.091003e-03
8 1.114845e-03
8 1.110792e-03
8 1.092196e-03
8 1.103878e-03
8 1.099110e-03
8 1.096010e-03
8 1.103163e-03
8 1.086950e-03
8 1.098871e-03
