4.373074e-03
4.173040e-03
4.163027e-03
4.153967e-03
4.188776e-03
4.131079e-03
4.136086e-03
4.147053e-03
4.143953e-03
4.139900e-03
4.145861e-03
4.147053e-03
4.147053e-03
4.137039e-03
4.230022e-03
4.135847e-03
4.127026e-03
4.132986e-03
4.130840e-03
4.132986e-03
4.135132e-03
4.134178e-03
4.132032e-03
4.134893e-03
4.124880e-03
4.122972e-03
4.133940e-03
4.131079e-03
4.131079e-03
4.142046e-03
4.137039e-03
4.128933e-03
4.228830e-03
4.182100e-03
4.143000e-03
4.158974e-03
4.133940e-03
4.139900e-03
4.143000e-03
4.168034e-03
4.149914e-03
4.143953e-03
4.136086e-03
4.131079e-03
4.131079e-03
4.132986e-03
4.178047e-03
4.155874e-03
4.145861e-03
4.145861e-03
4.149914e-03
4.132986e-03
4.182100e-03
4.182100e-03
4.195213e-03
4.140139e-03
4.136086e-03
4.140139e-03
4.136086e-03
4.148960e-03
4.179955e-03
4.154921e-03
4.145861e-03
4.144907e-03
4.137039e-03
4.186153e-03
4.220009e-03
4.137993e-03
4.149914e-03
4.185915e-03
4.141808e-03
4.149914e-03
4.150867e-03
4.143000e-03
4.148006e-03
4.141092e-03
4.145861e-03
4.143000e-03
4.137993e-03
4.144907e-03
4.142046e-03
4.134893e-03
4.137993e-03
4.143953e-03
4.144192e-03
4.152060e-03
4.143953e-03
4.175901e-03
4.130840e-03
4.131079e-03
4.130125e-03
4.132032e-03
4.134893e-03
4.135132e-03
4.143953e-03
4.143953e-03
4.142046e-03
4.143953e-03
4.148006e-03
4.148960e-03
