2 9.714842e-03
2 6.076097e-03
2 5.867004e-03
2 5.886078e-03
2 5.849838e-03
2 5.853891e-03
2 5.850077e-03
2 5.860090e-03
2 5.850077e-03
2 5.867958e-03
2 5.850077e-03
2 5.852938e-03
2 5.848169e-03
2 5.855083e-03
2 5.846977e-03
2 5.856991e-03
2 5.851030e-03
2 5.856037e-03
2 5.850077e-03
2 5.851984e-03
2 5.853891e-03
2 5.856037e-03
2 5.848169e-03
2 5.850077e-03
2 5.850077e-03
2 5.848169e-03
2 5.856991e-03
2 5.851984e-03
2 5.944967e-03
2 5.857944e-03
2 5.856991e-03
2 5.846977e-03
2 5.852938e-03
2 5.848885e-03
2 5.856991e-03
2 5.848169e-03
2 5.860090e-03
2 5.848169e-03
2 5.855083e-03
2 5.848885e-03
2 5.856991e-03
2 5.851030e-03
2 5.856991e-03
2 5.848885e-03
2 5.856037e-03
2 5.849123e-03
2 5.860090e-03
2 5.847931e-03
2 5.863190e-03
2 5.849123e-03
2 5.847216e-03
2 5.854130e-03
2 5.849123e-03
2 5.855083e-03
2 5.847931e-03
2 5.856991e-03
2 5.850077e-03
2 5.867004e-03
2 5.852938e-03
2 5.856037e-03
2 5.851030e-03
2 5.853891e-03
2 5.851030e-03
2 5.859137e-03
2 5.853176e-03
2 5.856037e-03
2 5.858898e-03
2 5.867004e-03
2 5.856037e-03
2 5.855799e-03
2 5.856991e-03
2 5.867004e-03
2 5.855083e-03
2 5.867958e-03
2 5.853176e-03
2 5.855083e-03
2 5.865097e-03
2 5.851984e-03
2 5.860090e-03
2 5.851984e-03
2 5.856991e-03
2 5.847931e-03
2 5.860090e-03
2 5.868912e-03
2 5.856991e-03
2 5.850077e-03
2 5.860090e-03
2 5.847931e-03
2 5.856037e-03
2 5.850077e-03
2 5.861044e-03
2 5.853891e-03
2 5.871058e-03
2 5.852938e-03
2 5.867004e-03
2 5.853891e-03
2 5.861998e-03
2 5.851984e-03
2 5.856037e-03
2 5.848885e-03
4 3.060818e-03
4 4.842997e-03
4 4.840136e-03
4 2.959013e-03
4 2.960920e-03
4 2.959013e-03
4 2.951145e-03
4 2.958059e-03
4 2.958059e-03
4 2.956867e-03
4 2.949953e-03
4 2.954960e-03
4 2.957821e-03
4 2.956867e-03
4 2.950907e-03
4 2.959967e-03
4 2.956867e-03
4 2.958059e-03
4 2.949953e-03
4 2.956867e-03
4 2.959013e-03
4 2.955914e-03
4 2.950191e-03
4 2.957106e-03
4 2.956152e-03
4 2.970219e-03
4 2.949953e-03
4 2.955914e-03
4 2.956867e-03
4 2.959013e-03
4 2.949953e-03
4 2.958059e-03
4 2.955914e-03
4 2.957821e-03
4 2.949953e-03
4 2.956867e-03
4 2.959013e-03
4 2.957106e-03
4 2.951145e-03
4 2.956867e-03
4 2.958775e-03
4 2.958059e-03
4 2.948999e-03
4 2.958059e-03
4 2.958059e-03
4 2.955914e-03
4 2.949953e-03
4 2.957821e-03
4 2.959013e-03
4 2.957106e-03
4 2.949953e-03
4 2.950907e-03
4 2.967834e-03
4 2.955914e-03
4 2.959013e-03
4 2.949953e-03
4 2.959013e-03
4 2.961874e-03
4 2.955914e-03
4 2.950907e-03
4 2.957106e-03
4 2.958059e-03
4 2.957821e-03
4 2.950907e-03
4 2.958059e-03
4 2.958059e-03
4 2.954960e-03
4 2.951145e-03
4 2.961159e-03
4 2.959013e-03
4 2.953053e-03
4 2.946138e-03
4 2.954006e-03
4 2.960920e-03
4 2.954960e-03
4 2.946854e-03
4 2.955914e-03
4 2.954006e-03
4 2.953053e-03
4 2.946854e-03
4 2.954006e-03
4 2.956152e-03
4 2.957106e-03
4 2.947807e-03
4 2.954006e-03
4 2.954006e-03
4 2.959013e-03
4 2.947092e-03
4 2.954006e-03
4 2.953053e-03
4 2.958059e-03
4 2.947092e-03
4 2.950907e-03
4 2.955914e-03
4 2.955914e-03
4 2.945900e-03
4 2.956867e-03
4 2.954960e-03
4 2.953053e-03
4 2.945900e-03
8 2.628088e-03
8 2.507925e-03
8 2.441883e-03
8 1.631975e-03
8 1.470089e-03
8 1.495838e-03
8 1.467943e-03
8 1.468897e-03
8 1.477003e-03
8 1.467943e-03
8 1.476049e-03
8 1.468897e-03
8 1.467943e-03
8 1.477003e-03
8 1.468897e-03
8 1.467943e-03
8 1.486063e-03
8 1.468182e-03
8 1.477003e-03
8 1.468897e-03
8 1.467943e-03
8 1.474857e-03
8 1.483917e-03
8 1.478910e-03
8 1.467943e-03
8 1.466990e-03
8 1.477003e-03
8 1.467943e-03
8 1.467943e-03
8 1.477003e-03
8 1.469135e-03
8 1.474142e-03
8 1.469135e-03
8 1.466990e-03
8 1.481056e-03
8 1.468897e-03
8 1.502037e-03
8 1.467943e-03
8 1.467943e-03
8 1.482964e-03
8 1.468897e-03
8 1.468897e-03
8 1.481056e-03
8 1.467943e-03
8 1.477003e-03
8 1.468897e-03
8 1.467943e-03
8 1.475811e-03
8 1.468897e-03
8 1.475096e-03
8 1.470089e-03
8 1.466990e-03
8 1.476049e-03
8 1.469135e-03
8 1.467943e-03
8 1.478195e-03
8 1.467943e-03
8 1.482010e-03
8 1.471996e-03
8 1.471043e-03
8 1.479864e-03
8 1.468897e-03
8 1.492023e-03
8 1.469135e-03
8 1.467943e-03
8 1.477003e-03
8 1.468897e-03
8 1.469851e-03
8 1.483917e-03
8 1.466990e-03
8 1.481056e-03
8 1.475811e-03
8 1.466990e-03
8 1.474857e-03
8 1.529932e-03
8 1.477003e-03
8 1.467943e-03
8 1.468897e-03
8 1.483917e-03
8 1.470089e-03
8 1.468897e-03
8 1.478910e-03
8 1.468897e-03
8 1.478910e-03
8 1.467943e-03
8 1.468182e-03
8 1.479149e-03
8 1.466990e-03
8 1.476049e-03
8 1.471996e-03
8 1.467943e-03
8 1.481056e-03
8 1.470089e-03
8 1.470089e-03
8 1.473904e-03
8 1.473904e-03
8 1.477957e-03
8 1.467943e-03
8 1.476049e-03
8 1.478910e-03
16 7.714987e-03
16 1.515603e-02
16 1.495600e-02
16 1.501083e-02
16 1.502204e-02
16 1.504898e-02
16 1.497102e-02
16 1.650596e-02
16 1.497102e-02
16 8.443117e-03
16 1.501203e-02
16 1.501703e-02
16 1.500320e-02
16 1.506305e-02
16 1.492000e-02
16 1.514792e-02
16 1.497293e-02
16 1.524401e-02
16 2.185416e-02
16 8.567095e-03
16 1.495814e-02
16 2.189994e-02
16 8.254051e-03
16 1.514697e-02
16 1.500916e-02
16 2.193904e-02
16 1.529193e-02
16 8.452892e-03
16 1.502514e-02
16 1.259899e-02
16 1.496887e-02
16 1.499391e-02
16 1.501298e-02
16 1.497102e-02
16 1.490808e-02
16 1.498008e-02
16 1.496387e-02
16 1.513910e-02
16 1.489902e-02
16 1.506615e-02
16 1.512694e-02
16 1.513600e-02
16 2.178597e-02
16 1.521802e-02
16 8.361816e-03
16 1.526403e-02
16 2.167988e-02
16 8.445024e-03
16 1.503611e-02
16 1.513886e-02
16 1.497602e-02
16 1.435304e-02
16 1.504207e-02
16 1.500583e-02
16 2.172995e-02
16 8.441925e-03
16 2.174592e-02
16 8.580923e-03
16 1.501107e-02
16 2.185297e-02
16 4.472971e-03
16 1.513600e-02
16 1.513195e-02
16 1.507401e-02
16 1.505494e-02
16 2.185798e-02
16 8.358955e-03
16 1.504993e-02
16 1.508188e-02
16 1.500297e-02
16 1.498508e-02
16 1.508403e-02
16 2.176905e-02
16 8.404016e-03
16 1.496410e-02
16 2.174592e-02
16 8.351088e-03
16 1.510596e-02
16 1.503301e-02
16 1.509500e-02
16 1.487112e-02
16 1.509500e-02
16 1.499987e-02
16 1.500916e-02
16 1.495099e-02
16 1.493192e-02
16 1.501107e-02
16 1.492405e-02
16 1.491189e-02
16 1.295781e-02
16 1.490116e-02
16 1.511097e-02
16 1.504016e-02
16 1.512599e-02
16 1.497984e-02
16 1.527882e-02
16 1.510119e-02
16 1.519012e-02
16 1.506186e-02
16 1.524115e-02
