1.568794e-04
1.380444e-04
1.318455e-04
1.318455e-04
1.311302e-04
1.299381e-04
1.289845e-04
1.268387e-04
1.280308e-04
1.268387e-04
1.280308e-04
1.277924e-04
1.280308e-04
1.280308e-04
1.280308e-04
1.270771e-04
1.268387e-04
1.268387e-04
1.270771e-04
1.261234e-04
1.249313e-04
1.249313e-04
1.249313e-04
1.249313e-04
1.311302e-04
6.699562e-05
6.699562e-05
6.699562e-05
6.580353e-05
6.604195e-05
6.699562e-05
6.699562e-05
6.699562e-05
6.604195e-05
6.699562e-05
6.818771e-05
6.604195e-05
6.794930e-05
6.699562e-05
6.580353e-05
6.699562e-05
6.699562e-05
6.699562e-05
6.699562e-05
6.699562e-05
6.604195e-05
6.484985e-05
6.699562e-05
6.604195e-05
6.699562e-05
6.604195e-05
6.604195e-05
6.604195e-05
6.508827e-05
6.699562e-05
6.604195e-05
6.699562e-05
6.699562e-05
6.604195e-05
6.699562e-05
6.580353e-05
6.699562e-05
6.604195e-05
6.604195e-05
6.699562e-05
6.604195e-05
6.604195e-05
6.604195e-05
6.699562e-05
6.604195e-05
6.604195e-05
6.604195e-05
6.699562e-05
6.580353e-05
6.818771e-05
6.699562e-05
6.604195e-05
6.604195e-05
6.699562e-05
6.604195e-05
6.699562e-05
6.699562e-05
6.604195e-05
6.604195e-05
6.604195e-05
6.604195e-05
6.723404e-05
6.699562e-05
6.699562e-05
6.604195e-05
6.604195e-05
6.604195e-05
6.699562e-05
6.604195e-05
6.580353e-05
6.699562e-05
6.604195e-05
6.604195e-05
6.604195e-05
6.699562e-05
