2 500000 1.107311e-02
2 500000 1.080108e-02
2 500000 1.027989e-02
2 500000 1.026893e-02
2 500000 1.061106e-02
2 500000 1.422000e-02
2 500000 1.209998e-02
2 500000 1.088715e-02
2 500000 1.653790e-02
2 500000 1.165891e-02
4 250000 9.298086e-03
4 250000 1.003599e-02
4 250000 5.357027e-03
4 250000 1.141906e-02
4 250000 6.870031e-03
4 250000 5.991936e-03
4 250000 1.224399e-02
4 250000 1.164889e-02
4 250000 7.251024e-03
4 250000 9.111166e-03
8 125000 6.006002e-03
8 125000 3.548861e-03
8 125000 5.069017e-03
8 125000 5.958080e-03
8 125000 4.547119e-03
8 125000 5.857944e-03
8 125000 6.362915e-03
8 125000 3.002882e-03
8 125000 6.668806e-03
8 125000 6.498098e-03
16 62500 4.971981e-03
16 62500 3.800154e-03
16 62500 3.739834e-03
16 62500 3.170013e-03
16 62500 5.679131e-03
16 62500 5.027056e-03
16 62500 3.169060e-03
16 62500 3.566027e-03
16 62500 5.577087e-03
16 62500 4.950047e-03
2 1 1.043296e-02
2 1 1.450801e-02
2 1 1.009917e-02
2 1 1.044512e-02
2 1 1.560092e-02
2 1 1.052403e-02
2 1 1.377392e-02
2 1 1.032186e-02
2 1 1.448798e-02
2 1 1.440310e-02
4 1 1.712203e-02
4 1 1.373196e-02
4 1 1.661205e-02
4 1 1.578498e-02
4 1 1.614594e-02
4 1 1.549006e-02
4 1 1.393199e-02
4 1 1.078606e-02
4 1 1.565695e-02
4 1 1.658511e-02
8 1 2.209210e-02
8 1 2.259588e-02
8 1 1.914811e-02
8 1 2.319407e-02
8 1 2.185607e-02
8 1 2.288318e-02
8 1 2.481294e-02
8 1 2.039599e-02
8 1 2.255607e-02
8 1 2.950096e-02
16 1 2.793097e-02
16 1 2.703810e-02
16 1 1.617002e-02
16 1 1.357889e-02
16 1 2.957892e-02
16 1 1.542187e-02
16 1 3.091002e-02
16 1 2.355003e-02
16 1 1.689482e-02
16 1 2.019882e-02
