1.308918e-04
1.020432e-04
1.039505e-04
1.020432e-04
1.771450e-04
1.029968e-04
1.039505e-04
1.010895e-04
1.008511e-04
1.008511e-04
1.008511e-04
1.070499e-04
1.478195e-04
8.487701e-05
8.797646e-05
8.583069e-05
8.487701e-05
1.571178e-04
8.511543e-05
8.511543e-05
9.584427e-05
8.606911e-05
8.487701e-05
8.511543e-05
1.800060e-04
1.490116e-04
9.703636e-05
1.177788e-04
9.012222e-05
8.797646e-05
9.202957e-05
8.511543e-05
9.202957e-05
8.511543e-05
8.583069e-05
9.298325e-05
9.608269e-05
8.988380e-05
7.796288e-05
7.796288e-05
7.700920e-05
7.796288e-05
7.820129e-05
7.820129e-05
1.318455e-04
9.202957e-05
1.280308e-04
7.796288e-05
1.499653e-04
1.058578e-04
9.608269e-05
7.796288e-05
1.468658e-04
9.799004e-05
7.796288e-05
7.796288e-05
1.001358e-04
7.820129e-05
7.796288e-05
7.700920e-05
1.540184e-04
1.058578e-04
7.796288e-05
7.700920e-05
1.208782e-04
7.796288e-05
1.149178e-04
7.796288e-05
1.270771e-04
1.020432e-04
7.796288e-05
8.583069e-05
9.799004e-05
7.915497e-05
7.796288e-05
7.796288e-05
7.820129e-05
1.041889e-04
7.796288e-05
7.700920e-05
1.349449e-04
7.796288e-05
7.796288e-05
7.796288e-05
7.700920e-05
7.796288e-05
7.796288e-05
7.820129e-05
7.796288e-05
7.796288e-05
7.796288e-05
7.700920e-05
7.820129e-05
7.796288e-05
7.700920e-05
7.796288e-05
7.796288e-05
7.915497e-05
7.700920e-05
7.796288e-05
7.796288e-05
7.796288e-05
7.796288e-05
7.796288e-05
7.820129e-05
7.796288e-05
7.796288e-05
7.796288e-05
7.700920e-05
7.796288e-05
7.796288e-05
7.796288e-05
7.796288e-05
7.796288e-05
7.700920e-05
7.796288e-05
7.796288e-05
7.796288e-05
7.700920e-05
7.796288e-05
7.796288e-05
7.820129e-05
7.820129e-05
7.700920e-05
7.820129e-05
7.796288e-05
7.796288e-05
7.700920e-05
7.700920e-05
7.915497e-05
7.700920e-05
7.796288e-05
7.700920e-05
7.796288e-05
7.796288e-05
7.796288e-05
8.893013e-05
7.820129e-05
8.010864e-05
7.700920e-05
7.796288e-05
7.700920e-05
7.700920e-05
7.796288e-05
9.703636e-05
7.796288e-05
7.891655e-05
7.796288e-05
7.796288e-05
7.796288e-05
7.796288e-05
7.700920e-05
7.796288e-05
7.796288e-05
7.700920e-05
7.796288e-05
8.916855e-05
7.796288e-05
7.700920e-05
7.796288e-05
7.796288e-05
7.700920e-05
7.796288e-05
7.796288e-05
7.796288e-05
7.796288e-05
7.796288e-05
7.796288e-05
7.820129e-05
7.796288e-05
7.796288e-05
7.796288e-05
7.820129e-05
7.700920e-05
7.796288e-05
7.796288e-05
7.796288e-05
7.796288e-05
7.700920e-05
7.796288e-05
7.891655e-05
7.796288e-05
7.796288e-05
7.700920e-05
7.796288e-05
7.796288e-05
7.700920e-05
7.796288e-05
7.700920e-05
7.796288e-05
7.796288e-05
7.796288e-05
7.796288e-05
7.796288e-05
7.700920e-05
7.796288e-05
7.820129e-05
7.796288e-05
7.796288e-05
7.796288e-05
7.796288e-05
7.796288e-05
7.796288e-05
7.796288e-05
7.700920e-05
7.796288e-05
7.796288e-05
7.796288e-05
7.796288e-05
7.796288e-05
7.796288e-05
7.700920e-05
7.796288e-05
7.796288e-05
7.796288e-05
7.700920e-05
7.796288e-05
7.891655e-05
7.700920e-05
7.796288e-05
7.820129e-05
7.820129e-05
7.700920e-05
7.796288e-05
7.796288e-05
7.796288e-05
7.700920e-05
7.796288e-05
7.700920e-05
7.796288e-05
7.796288e-05
7.700920e-05
7.820129e-05
7.915497e-05
7.796288e-05
7.796288e-05
7.820129e-05
7.820129e-05
7.796288e-05
7.796288e-05
7.700920e-05
7.796288e-05
7.796288e-05
7.796288e-05
7.700920e-05
7.820129e-05
7.820129e-05
7.700920e-05
7.820129e-05
7.820129e-05
7.796288e-05
7.796288e-05
7.796288e-05
7.677078e-05
7.820129e-05
7.700920e-05
7.796288e-05
7.891655e-05
7.700920e-05
7.796288e-05
9.393692e-05
7.796288e-05
7.700920e-05
7.796288e-05
7.820129e-05
7.820129e-05
7.820129e-05
7.700920e-05
8.702278e-05
7.796288e-05
7.700920e-05
8.606911e-05
1.308918e-04
9.083748e-05
7.796288e-05
7.796288e-05
7.700920e-05
7.796288e-05
7.796288e-05
7.796288e-05
1.020432e-04
7.796288e-05
7.796288e-05
7.796288e-05
7.796288e-05
7.796288e-05
7.796288e-05
7.796288e-05
7.796288e-05
7.820129e-05
7.820129e-05
7.915497e-05
7.700920e-05
7.820129e-05
7.796288e-05
7.796288e-05
7.796288e-05
7.820129e-05
7.820129e-05
7.796288e-05
1.180172e-04
7.796288e-05
7.796288e-05
7.796288e-05
7.796288e-05
7.796288e-05
7.796288e-05
7.796288e-05
7.700920e-05
7.796288e-05
7.796288e-05
7.700920e-05
7.796288e-05
7.796288e-05
7.796288e-05
7.796288e-05
7.796288e-05
7.796288e-05
7.796288e-05
7.700920e-05
7.796288e-05
7.796288e-05
7.796288e-05
7.796288e-05
7.796288e-05
7.796288e-05
7.796288e-05
7.796288e-05
7.796288e-05
7.796288e-05
7.796288e-05
7.796288e-05
7.796288e-05
7.796288e-05
7.700920e-05
7.796288e-05
7.796288e-05
7.820129e-05
7.820129e-05
7.796288e-05
7.796288e-05
7.700920e-05
7.796288e-05
7.796288e-05
7.796288e-05
7.796288e-05
7.796288e-05
7.796288e-05
7.700920e-05
7.820129e-05
7.820129e-05
7.796288e-05
7.700920e-05
7.820129e-05
7.820129e-05
7.820129e-05
7.796288e-05
7.891655e-05
7.700920e-05
7.796288e-05
7.796288e-05
7.796288e-05
7.796288e-05
7.796288e-05
7.796288e-05
7.796288e-05
7.796288e-05
7.796288e-05
7.820129e-05
7.796288e-05
7.796288e-05
7.700920e-05
7.700920e-05
7.796288e-05
7.700920e-05
7.796288e-05
7.700920e-05
7.796288e-05
7.796288e-05
7.796288e-05
7.796288e-05
7.700920e-05
7.820129e-05
7.820129e-05
7.700920e-05
7.796288e-05
7.891655e-05
7.700920e-05
7.820129e-05
7.820129e-05
7.796288e-05
7.796288e-05
7.796288e-05
7.796288e-05
7.796288e-05
7.700920e-05
7.796288e-05
7.796288e-05
7.796288e-05
7.796288e-05
