1.199245e-04
1.208782e-04
1.831055e-04
1.919270e-04
8.893013e-05
1.039505e-04
1.561642e-04
1.578331e-04
1.168251e-04
1.089573e-04
1.718998e-04
1.790524e-04
8.988380e-05
9.298325e-05
1.671314e-04
1.900196e-04
1.101494e-04
1.120567e-04
1.668930e-04
1.740456e-04
8.988380e-05
9.393692e-05
1.659393e-04
1.668930e-04
9.989738e-05
1.010895e-04
1.010895e-04
1.189709e-04
8.916855e-05
1.111031e-04
1.380444e-04
1.349449e-04
9.608269e-05
9.608269e-05
1.051426e-04
1.251698e-04
8.082390e-05
8.392334e-05
1.020432e-04
1.130104e-04
9.894371e-05
1.039505e-04
8.201599e-05
1.070499e-04
8.177757e-05
1.089573e-04
1.058578e-04
9.012222e-05
1.010895e-04
1.049042e-04
1.049042e-04
1.120567e-04
9.393692e-05
1.177788e-04
9.298325e-05
1.239777e-04
1.049042e-04
1.459122e-04
1.471043e-04
1.649857e-04
1.502037e-04
1.587868e-04
1.609325e-04
1.630783e-04
1.308918e-04
1.358986e-04
1.630783e-04
1.759529e-04
1.361370e-04
1.289845e-04
1.699924e-04
1.580715e-04
8.201599e-05
8.010864e-05
1.149178e-04
1.351833e-04
8.010864e-05
1.049042e-04
9.202957e-05
1.339912e-04
7.987022e-05
8.296967e-05
8.702278e-05
1.420975e-04
8.106232e-05
1.020432e-04
1.339912e-04
1.440048e-04
1.130104e-04
1.218319e-04
1.599789e-04
1.590252e-04
9.918213e-05
8.010864e-05
9.489059e-05
1.249313e-04
1.089573e-04
9.799004e-05
1.549721e-04
1.640320e-04
1.440048e-04
1.490116e-04
1.769066e-04
1.618862e-04
1.099110e-04
1.440048e-04
1.609325e-04
1.950264e-04
1.099110e-04
1.120567e-04
1.640320e-04
1.621246e-04
8.702278e-05
1.211166e-04
1.091957e-04
1.280308e-04
9.012222e-05
9.083748e-05
1.449585e-04
1.919270e-04
9.799004e-05
1.111031e-04
1.230240e-04
1.549721e-04
9.489059e-05
1.449585e-04
1.270771e-04
1.370907e-04
1.220703e-04
1.339912e-04
1.211166e-04
1.478195e-04
1.409054e-04
1.230240e-04
1.449585e-04
1.640320e-04
9.608269e-05
1.299381e-04
1.451969e-04
1.800060e-04
9.799004e-05
9.799004e-05
1.409054e-04
1.401901e-04
7.987022e-05
8.201599e-05
1.280308e-04
1.249313e-04
1.139641e-04
1.239777e-04
1.411438e-04
1.499653e-04
1.080036e-04
1.180172e-04
1.380444e-04
1.530647e-04
8.916855e-05
9.202957e-05
1.180172e-04
1.330376e-04
1.020432e-04
1.528263e-04
1.718998e-04
1.661777e-04
8.010864e-05
1.089573e-04
1.099110e-04
1.320839e-04
8.106232e-05
1.039505e-04
1.118183e-04
1.289845e-04
8.106232e-05
1.089573e-04
1.511574e-04
1.511574e-04
8.201599e-05
1.058578e-04
1.440048e-04
1.409054e-04
8.201599e-05
8.082390e-05
9.918213e-05
1.430511e-04
8.201599e-05
9.703636e-05
1.480579e-04
1.530647e-04
7.987022e-05
9.989738e-05
1.389980e-04
1.409054e-04
8.106232e-05
1.149178e-04
1.380444e-04
1.628399e-04
8.201599e-05
1.020432e-04
1.559258e-04
1.599789e-04
8.106232e-05
1.189709e-04
1.130104e-04
1.399517e-04
8.106232e-05
9.083748e-05
1.502037e-04
1.380444e-04
8.201599e-05
1.018047e-04
1.540184e-04
1.518726e-04
8.106232e-05
1.041889e-04
1.270771e-04
1.358986e-04
8.010864e-05
9.202957e-05
9.894371e-05
1.280308e-04
9.799004e-05
1.039505e-04
1.411438e-04
1.490116e-04
7.987022e-05
1.180172e-04
1.330376e-04
1.699924e-04
9.989738e-05
8.606911e-05
1.540184e-04
1.590252e-04
1.010895e-04
9.012222e-05
1.540184e-04
1.609325e-04
8.201599e-05
9.512901e-05
9.608269e-05
1.490116e-04
9.799004e-05
8.201599e-05
1.461506e-04
1.649857e-04
9.393692e-05
8.106232e-05
8.296967e-05
1.380444e-04
1.118183e-04
1.380444e-04
1.709461e-04
1.800060e-04
8.106232e-05
8.893013e-05
8.010864e-05
1.308918e-04
8.106232e-05
9.799004e-05
1.521111e-04
1.490116e-04
8.106232e-05
8.320808e-05
8.702278e-05
1.389980e-04
7.987022e-05
8.296967e-05
8.702278e-05
1.370907e-04
8.106232e-05
8.392334e-05
8.702278e-05
1.380444e-04
8.010864e-05
8.296967e-05
9.918213e-05
1.451969e-04
7.987022e-05
9.512901e-05
1.020432e-04
1.308918e-04
8.106232e-05
1.029968e-04
1.351833e-04
1.401901e-04
8.010864e-05
1.142025e-04
1.339912e-04
1.192093e-04
7.987022e-05
1.170635e-04
1.409054e-04
1.549721e-04
1.039505e-04
1.070499e-04
1.440048e-04
1.480579e-04
9.489059e-05
1.008511e-04
1.349449e-04
1.518726e-04
1.080036e-04
9.083748e-05
1.120567e-04
1.430511e-04
9.799004e-05
9.393692e-05
8.201599e-05
1.349449e-04
8.201599e-05
1.311302e-04
1.130104e-04
1.170635e-04
8.106232e-05
8.296967e-05
8.702278e-05
1.370907e-04
8.201599e-05
1.029968e-04
1.142025e-04
1.480579e-04
1.029968e-04
8.916855e-05
9.703636e-05
1.349449e-04
9.799004e-05
9.393692e-05
8.201599e-05
1.339912e-04
8.320808e-05
9.489059e-05
1.461506e-04
1.420975e-04
9.799004e-05
8.702278e-05
1.418591e-04
1.330376e-04
1.010895e-04
9.703636e-05
1.389980e-04
1.471043e-04
9.799004e-05
9.799004e-05
1.409054e-04
1.411438e-04
9.608269e-05
1.029968e-04
1.339912e-04
1.587868e-04
7.987022e-05
9.298325e-05
1.449585e-04
1.518726e-04
9.799004e-05
8.583069e-05
1.509190e-04
1.680851e-04
9.989738e-05
1.001358e-04
9.012222e-05
1.389980e-04
8.010864e-05
1.039505e-04
1.018047e-04
1.311302e-04
9.894371e-05
9.417534e-05
8.201599e-05
1.368523e-04
8.201599e-05
1.008511e-04
1.001358e-04
1.339912e-04
9.989738e-05
9.012222e-05
1.540184e-04
1.609325e-04
8.106232e-05
1.139641e-04
1.440048e-04
1.587868e-04
8.177757e-05
8.511543e-05
1.521111e-04
1.640320e-04
8.201599e-05
8.511543e-05
1.537800e-04
1.609325e-04
9.799004e-05
9.918213e-05
1.540184e-04
1.499653e-04
8.106232e-05
8.797646e-05
1.440048e-04
1.530647e-04
1.001358e-04
9.512901e-05
1.490116e-04
1.521111e-04
