1024 1.716614e-05
1024 1.096725e-05
1024 1.001358e-05
1024 1.001358e-05
1024 1.096725e-05
1024 9.775162e-06
1024 1.001358e-05
1024 1.001358e-05
1024 1.001358e-05
1024 1.001358e-05
1024 1.120567e-05
1024 1.001358e-05
1024 1.001358e-05
1024 1.001358e-05
1024 1.001358e-05
1024 1.001358e-05
1024 1.001358e-05
1024 1.120567e-05
1024 1.001358e-05
1024 1.001358e-05
1024 1.001358e-05
1024 1.001358e-05
1024 1.096725e-05
1024 1.096725e-05
1024 1.001358e-05
1024 1.001358e-05
1024 9.059906e-06
1024 8.821487e-06
1024 9.059906e-06
1024 9.059906e-06
1024 9.059906e-06
1024 9.059906e-06
1024 8.821487e-06
1024 8.821487e-06
1024 9.059906e-06
1024 1.001358e-05
1024 9.059906e-06
1024 8.821487e-06
1024 8.821487e-06
1024 1.001358e-05
1024 9.059906e-06
1024 9.059906e-06
1024 9.059906e-06
1024 8.821487e-06
1024 9.059906e-06
1024 9.059906e-06
1024 9.059906e-06
1024 9.059906e-06
1024 8.821487e-06
1024 9.059906e-06
1024 9.059906e-06
1024 9.059906e-06
1024 9.059906e-06
1024 8.821487e-06
1024 1.001358e-05
1024 1.096725e-05
1024 1.001358e-05
1024 1.001358e-05
1024 1.001358e-05
1024 1.096725e-05
1024 1.001358e-05
1024 1.001358e-05
1024 1.001358e-05
1024 9.775162e-06
1024 1.001358e-05
1024 1.096725e-05
1024 9.775162e-06
1024 1.001358e-05
1024 1.096725e-05
1024 1.001358e-05
1024 1.001358e-05
1024 1.001358e-05
1024 1.001358e-05
1024 1.001358e-05
1024 1.001358e-05
1024 1.001358e-05
1024 1.001358e-05
1024 1.120567e-05
1024 1.001358e-05
1024 1.001358e-05
1024 1.001358e-05
1024 1.096725e-05
1024 1.001358e-05
1024 9.775162e-06
1024 1.001358e-05
1024 1.001358e-05
1024 1.096725e-05
1024 1.001358e-05
1024 1.001358e-05
1024 1.001358e-05
1024 1.096725e-05
1024 1.001358e-05
1024 9.059906e-06
1024 9.059906e-06
1024 9.059906e-06
1024 9.059906e-06
1024 8.821487e-06
1024 9.059906e-06
1024 9.059906e-06
1024 1.001358e-05
2048 1.597404e-05
2048 1.716614e-05
2048 1.692772e-05
2048 1.597404e-05
2048 1.597404e-05
2048 1.597404e-05
2048 1.597404e-05
2048 1.597404e-05
2048 1.597404e-05
2048 1.692772e-05
2048 1.597404e-05
2048 1.811981e-05
2048 1.811981e-05
2048 1.907349e-05
2048 1.883507e-05
2048 1.811981e-05
2048 1.907349e-05
2048 1.811981e-05
2048 1.907349e-05
2048 1.788139e-05
2048 1.883507e-05
2048 1.811981e-05
2048 1.907349e-05
2048 1.811981e-05
2048 1.811981e-05
2048 1.788139e-05
2048 1.788139e-05
2048 1.907349e-05
2048 1.907349e-05
2048 1.811981e-05
2048 1.907349e-05
2048 1.716614e-05
2048 1.692772e-05
2048 1.597404e-05
2048 1.597404e-05
2048 1.597404e-05
2048 1.597404e-05
2048 1.597404e-05
2048 1.621246e-05
2048 1.597404e-05
2048 1.716614e-05
2048 1.692772e-05
2048 1.597404e-05
2048 1.597404e-05
2048 1.621246e-05
2048 1.788139e-05
2048 1.788139e-05
2048 1.788139e-05
2048 1.811981e-05
2048 1.811981e-05
2048 1.811981e-05
2048 1.788139e-05
2048 1.788139e-05
2048 1.788139e-05
2048 1.907349e-05
2048 1.811981e-05
2048 1.811981e-05
2048 1.811981e-05
2048 1.788139e-05
2048 1.788139e-05
2048 1.788139e-05
2048 1.907349e-05
2048 1.811981e-05
2048 1.811981e-05
2048 1.811981e-05
2048 1.597404e-05
2048 1.597404e-05
2048 1.597404e-05
2048 1.597404e-05
2048 1.597404e-05
2048 1.597404e-05
2048 1.692772e-05
2048 1.597404e-05
2048 1.597404e-05
2048 1.597404e-05
2048 1.597404e-05
2048 1.597404e-05
2048 1.692772e-05
2048 1.692772e-05
2048 1.811981e-05
2048 1.788139e-05
2048 1.788139e-05
2048 1.811981e-05
2048 1.811981e-05
2048 1.811981e-05
2048 1.811981e-05
2048 1.788139e-05
2048 1.788139e-05
2048 1.788139e-05
2048 1.788139e-05
2048 1.788139e-05
2048 1.788139e-05
2048 1.907349e-05
2048 1.811981e-05
2048 1.811981e-05
2048 1.811981e-05
2048 1.811981e-05
2048 1.788139e-05
2048 1.788139e-05
2048 1.597404e-05
4096 3.194809e-05
4096 3.194809e-05
4096 3.218651e-05
4096 3.194809e-05
4096 3.194809e-05
4096 3.218651e-05
4096 3.218651e-05
4096 3.099442e-05
4096 3.480911e-05
4096 3.504753e-05
4096 3.504753e-05
4096 3.600121e-05
4096 3.504753e-05
4096 3.504753e-05
4096 3.504753e-05
4096 3.600121e-05
4096 3.480911e-05
4096 3.504753e-05
4096 3.194809e-05
4096 3.099442e-05
4096 3.218651e-05
4096 3.194809e-05
4096 3.194809e-05
4096 3.194809e-05
4096 3.099442e-05
4096 3.409386e-05
4096 3.600121e-05
4096 3.504753e-05
4096 3.600121e-05
4096 3.600121e-05
4096 3.504753e-05
4096 3.480911e-05
4096 3.504753e-05
4096 3.504753e-05
4096 3.480911e-05
4096 3.695488e-05
4096 3.099442e-05
4096 4.005432e-05
4096 3.194809e-05
4096 3.194809e-05
4096 3.218651e-05
4096 3.194809e-05
4096 3.099442e-05
4096 3.194809e-05
4096 3.480911e-05
4096 3.600121e-05
4096 3.504753e-05
4096 3.504753e-05
4096 3.504753e-05
4096 3.600121e-05
4096 3.600121e-05
4096 3.504753e-05
4096 3.480911e-05
4096 3.600121e-05
4096 3.194809e-05
4096 3.218651e-05
4096 3.194809e-05
4096 3.099442e-05
4096 3.194809e-05
4096 3.194809e-05
4096 3.099442e-05
4096 3.218651e-05
4096 3.504753e-05
4096 3.600121e-05
4096 3.504753e-05
4096 3.504753e-05
4096 3.600121e-05
4096 3.600121e-05
4096 3.600121e-05
4096 3.600121e-05
4096 3.504753e-05
4096 3.194809e-05
4096 3.218651e-05
4096 3.194809e-05
4096 3.099442e-05
4096 3.194809e-05
4096 3.194809e-05
4096 3.218651e-05
4096 3.194809e-05
4096 3.600121e-05
4096 3.504753e-05
4096 3.480911e-05
4096 3.504753e-05
4096 3.504753e-05
4096 3.480911e-05
4096 3.600121e-05
4096 3.600121e-05
4096 3.504753e-05
4096 3.480911e-05
4096 3.480911e-05
4096 3.194809e-05
4096 3.099442e-05
4096 3.194809e-05
4096 3.194809e-05
4096 3.194809e-05
4096 3.218651e-05
4096 3.194809e-05
4096 3.504753e-05
4096 3.600121e-05
4096 3.600121e-05
8192 7.009506e-05
8192 7.104874e-05
8192 7.009506e-05
8192 7.581711e-05
8192 6.294250e-05
8192 6.294250e-05
8192 6.294250e-05
8192 7.009506e-05
8192 7.009506e-05
8192 7.081032e-05
8192 7.200241e-05
8192 7.104874e-05
8192 7.510185e-05
8192 6.318092e-05
8192 6.389618e-05
8192 6.508827e-05
8192 6.413460e-05
8192 7.009506e-05
8192 7.104874e-05
8192 7.104874e-05
8192 6.985664e-05
8192 7.009506e-05
8192 6.413460e-05
8192 6.318092e-05
8192 6.198883e-05
8192 6.198883e-05
8192 7.009506e-05
8192 7.009506e-05
8192 7.104874e-05
8192 7.009506e-05
8192 7.200241e-05
8192 6.198883e-05
8192 6.318092e-05
8192 6.294250e-05
8192 6.198883e-05
8192 8.606911e-05
8192 6.985664e-05
8192 7.009506e-05
8192 7.009506e-05
8192 6.985664e-05
8192 6.294250e-05
8192 6.294250e-05
8192 6.294250e-05
8192 6.294250e-05
8192 6.985664e-05
8192 6.985664e-05
8192 7.009506e-05
8192 7.104874e-05
8192 6.985664e-05
8192 6.294250e-05
8192 6.294250e-05
8192 6.294250e-05
8192 6.294250e-05
8192 7.104874e-05
8192 7.104874e-05
8192 6.985664e-05
8192 7.009506e-05
8192 6.985664e-05
8192 6.294250e-05
8192 6.318092e-05
8192 6.294250e-05
8192 6.294250e-05
8192 7.009506e-05
8192 6.985664e-05
8192 7.009506e-05
8192 7.009506e-05
8192 7.081032e-05
8192 6.294250e-05
8192 6.318092e-05
8192 6.294250e-05
8192 6.318092e-05
8192 6.985664e-05
8192 7.009506e-05
8192 7.104874e-05
8192 7.009506e-05
8192 6.985664e-05
8192 6.294250e-05
8192 6.318092e-05
8192 6.294250e-05
8192 6.294250e-05
8192 7.820129e-05
8192 6.985664e-05
8192 7.009506e-05
8192 6.985664e-05
8192 7.009506e-05
8192 7.104874e-05
8192 6.318092e-05
8192 6.294250e-05
8192 6.294250e-05
8192 6.294250e-05
8192 7.009506e-05
8192 7.009506e-05
8192 6.985664e-05
8192 6.985664e-05
8192 6.985664e-05
8192 6.318092e-05
8192 6.294250e-05
8192 6.198883e-05
8192 6.294250e-05
8192 7.009506e-05
16384 1.420975e-04
16384 1.409054e-04
16384 1.270771e-04
16384 1.270771e-04
16384 1.399517e-04
16384 1.399517e-04
16384 1.258850e-04
16384 1.261234e-04
16384 1.399517e-04
16384 1.518726e-04
16384 1.409054e-04
16384 1.258850e-04
16384 1.261234e-04
16384 1.409054e-04
16384 1.418591e-04
16384 1.370907e-04
16384 1.258850e-04
16384 1.411438e-04
16384 1.418591e-04
16384 1.411438e-04
16384 1.258850e-04
16384 1.249313e-04
16384 1.411438e-04
16384 1.399517e-04
16384 1.401901e-04
16384 1.258850e-04
16384 1.320839e-04
16384 1.409054e-04
16384 1.409054e-04
16384 1.268387e-04
16384 1.270771e-04
16384 1.409054e-04
16384 1.411438e-04
16384 1.409054e-04
16384 1.261234e-04
16384 1.268387e-04
16384 1.409054e-04
16384 1.409054e-04
16384 1.261234e-04
16384 1.270771e-04
16384 1.420975e-04
16384 1.411438e-04
16384 1.409054e-04
16384 1.261234e-04
16384 1.270771e-04
16384 1.409054e-04
16384 1.411438e-04
16384 1.699924e-04
16384 1.258850e-04
16384 1.428127e-04
16384 1.399517e-04
16384 1.399517e-04
16384 1.268387e-04
16384 1.258850e-04
16384 1.411438e-04
16384 1.409054e-04
16384 1.430511e-04
16384 1.258850e-04
16384 1.258850e-04
16384 1.411438e-04
16384 1.401901e-04
16384 1.258850e-04
16384 1.258850e-04
16384 1.409054e-04
16384 1.409054e-04
16384 1.399517e-04
16384 1.270771e-04
16384 1.268387e-04
16384 1.399517e-04
16384 1.409054e-04
16384 1.261234e-04
16384 1.270771e-04
16384 1.409054e-04
16384 1.420975e-04
16384 1.411438e-04
16384 1.270771e-04
16384 1.261234e-04
16384 1.409054e-04
16384 1.409054e-04
16384 1.418591e-04
16384 1.261234e-04
16384 1.430511e-04
16384 1.418591e-04
16384 1.409054e-04
16384 1.270771e-04
16384 1.261234e-04
16384 1.449585e-04
16384 1.409054e-04
16384 1.401901e-04
16384 1.289845e-04
16384 1.258850e-04
16384 1.411438e-04
16384 1.411438e-04
16384 1.280308e-04
16384 1.277924e-04
16384 1.409054e-04
16384 1.409054e-04
16384 1.409054e-04
16384 1.409054e-04
16384 1.258850e-04
