1024 3.790855e-05
1024 1.406670e-05
1024 2.160072e-04
1024 1.311302e-05
1024 1.287460e-05
1024 1.096725e-05
1024 1.192093e-05
1024 1.192093e-05
1024 1.192093e-05
1024 1.192093e-05
1024 1.096725e-05
1024 1.096725e-05
1024 1.096725e-05
1024 1.096725e-05
1024 1.192093e-05
1024 1.120567e-05
1024 1.406670e-05
1024 1.192093e-05
1024 1.096725e-05
1024 1.096725e-05
1024 1.382828e-05
1024 1.215935e-05
1024 1.120567e-05
1024 1.215935e-05
1024 1.096725e-05
1024 2.598763e-05
1024 1.192093e-05
1024 1.192093e-05
1024 1.192093e-05
1024 1.096725e-05
1024 1.096725e-05
1024 1.096725e-05
1024 1.096725e-05
1024 1.096725e-05
1024 1.192093e-05
1024 2.408028e-05
1024 1.192093e-05
1024 1.096725e-05
1024 1.096725e-05
1024 1.215935e-05
1024 1.192093e-05
1024 1.192093e-05
1024 1.192093e-05
1024 1.406670e-05
1024 1.096725e-05
1024 1.215935e-05
1024 1.192093e-05
1024 1.311302e-05
1024 1.215935e-05
1024 1.096725e-05
1024 1.215935e-05
1024 1.192093e-05
1024 1.096725e-05
1024 1.192093e-05
1024 1.192093e-05
1024 1.096725e-05
1024 1.192093e-05
1024 2.312660e-05
1024 1.096725e-05
1024 1.192093e-05
1024 1.192093e-05
1024 1.096725e-05
1024 1.096725e-05
1024 1.192093e-05
1024 1.192093e-05
1024 1.215935e-05
1024 1.096725e-05
1024 1.096725e-05
1024 1.096725e-05
1024 1.215935e-05
1024 1.096725e-05
1024 1.096725e-05
1024 1.215935e-05
1024 1.215935e-05
1024 1.192093e-05
1024 1.096725e-05
1024 1.192093e-05
1024 1.597404e-05
1024 2.503395e-05
1024 1.192093e-05
1024 1.120567e-05
1024 1.096725e-05
1024 1.215935e-05
1024 1.215935e-05
1024 1.096725e-05
1024 1.096725e-05
1024 1.096725e-05
1024 1.120567e-05
1024 1.120567e-05
1024 1.215935e-05
1024 1.096725e-05
1024 1.192093e-05
1024 1.096725e-05
1024 1.120567e-05
1024 1.096725e-05
1024 1.096725e-05
1024 1.096725e-05
1024 1.096725e-05
1024 1.096725e-05
1024 3.504753e-05
2048 1.621246e-05
2048 1.597404e-05
2048 1.621246e-05
2048 1.502037e-05
2048 1.502037e-05
2048 1.502037e-05
2048 1.597404e-05
2048 1.597404e-05
2048 1.597404e-05
2048 1.692772e-05
2048 1.597404e-05
2048 1.597404e-05
2048 1.597404e-05
2048 1.597404e-05
2048 1.502037e-05
2048 1.597404e-05
2048 1.597404e-05
2048 1.597404e-05
2048 1.597404e-05
2048 1.597404e-05
2048 1.502037e-05
2048 1.597404e-05
2048 1.502037e-05
2048 1.597404e-05
2048 1.597404e-05
2048 1.597404e-05
2048 1.597404e-05
2048 1.692772e-05
2048 1.716614e-05
2048 1.621246e-05
2048 1.716614e-05
2048 1.597404e-05
2048 1.502037e-05
2048 1.502037e-05
2048 1.621246e-05
2048 2.002716e-05
2048 1.692772e-05
2048 1.597404e-05
2048 1.597404e-05
2048 1.692772e-05
2048 1.692772e-05
2048 1.502037e-05
2048 1.597404e-05
2048 1.597404e-05
2048 1.502037e-05
2048 1.716614e-05
2048 1.621246e-05
2048 1.597404e-05
2048 3.910065e-05
2048 2.193451e-05
2048 1.597404e-05
2048 1.502037e-05
2048 1.597404e-05
2048 1.502037e-05
2048 1.597404e-05
2048 1.621246e-05
2048 1.597404e-05
2048 1.502037e-05
2048 1.597404e-05
2048 1.597404e-05
2048 1.597404e-05
2048 1.621246e-05
2048 1.597404e-05
2048 1.597404e-05
2048 1.597404e-05
2048 1.478195e-05
2048 1.597404e-05
2048 1.502037e-05
2048 1.478195e-05
2048 1.788139e-05
2048 1.692772e-05
2048 1.597404e-05
2048 1.502037e-05
2048 1.597404e-05
2048 1.597404e-05
2048 1.716614e-05
2048 1.597404e-05
2048 1.621246e-05
2048 1.716614e-05
2048 1.597404e-05
2048 1.597404e-05
2048 1.621246e-05
2048 1.597404e-05
2048 1.597404e-05
2048 1.597404e-05
2048 1.597404e-05
2048 1.597404e-05
2048 1.597404e-05
2048 1.621246e-05
2048 1.716614e-05
2048 4.291534e-05
2048 1.597404e-05
2048 1.621246e-05
2048 1.597404e-05
2048 4.887581e-05
2048 3.790855e-05
2048 1.502037e-05
2048 2.288818e-05
2048 2.789497e-05
2048 1.597404e-05
4096 2.408028e-05
4096 2.312660e-05
4096 2.312660e-05
4096 2.312660e-05
4096 2.312660e-05
4096 2.288818e-05
4096 2.217293e-05
4096 2.288818e-05
4096 2.288818e-05
4096 2.312660e-05
4096 3.600121e-05
4096 2.598763e-05
4096 2.503395e-05
4096 2.479553e-05
4096 2.503395e-05
4096 2.598763e-05
4096 2.503395e-05
4096 2.503395e-05
4096 2.503395e-05
4096 2.503395e-05
4096 2.598763e-05
4096 2.312660e-05
4096 2.503395e-05
4096 3.886223e-05
4096 2.408028e-05
4096 2.503395e-05
4096 2.503395e-05
4096 2.503395e-05
4096 2.193451e-05
4096 2.312660e-05
4096 2.288818e-05
4096 2.312660e-05
4096 2.312660e-05
4096 2.312660e-05
4096 2.312660e-05
4096 2.312660e-05
4096 2.312660e-05
4096 2.312660e-05
4096 2.312660e-05
4096 2.312660e-05
4096 2.312660e-05
4096 2.503395e-05
4096 2.503395e-05
4096 2.312660e-05
4096 2.503395e-05
4096 2.384186e-05
4096 2.789497e-05
4096 2.694130e-05
4096 2.598763e-05
4096 2.384186e-05
4096 2.503395e-05
4096 2.503395e-05
4096 2.503395e-05
4096 2.384186e-05
4096 2.408028e-05
4096 2.408028e-05
4096 2.408028e-05
4096 2.908707e-05
4096 2.312660e-05
4096 2.312660e-05
4096 2.312660e-05
4096 2.312660e-05
4096 2.312660e-05
4096 2.217293e-05
4096 3.910065e-05
4096 3.504753e-05
4096 2.288818e-05
4096 2.384186e-05
4096 2.312660e-05
4096 2.312660e-05
4096 2.193451e-05
4096 2.408028e-05
4096 3.695488e-05
4096 2.503395e-05
4096 2.503395e-05
4096 2.384186e-05
4096 2.598763e-05
4096 2.503395e-05
4096 2.503395e-05
4096 2.408028e-05
4096 2.503395e-05
4096 2.408028e-05
4096 2.503395e-05
4096 2.408028e-05
4096 2.503395e-05
4096 2.384186e-05
4096 2.503395e-05
4096 2.503395e-05
4096 3.218651e-05
4096 2.312660e-05
4096 2.312660e-05
4096 2.408028e-05
4096 2.408028e-05
4096 4.410744e-05
4096 2.312660e-05
4096 2.193451e-05
4096 2.312660e-05
4096 4.100800e-05
4096 2.288818e-05
4096 2.312660e-05
8192 4.196167e-05
8192 4.196167e-05
8192 4.196167e-05
8192 4.291534e-05
8192 4.291534e-05
8192 5.507469e-05
8192 4.220009e-05
8192 4.220009e-05
8192 4.315376e-05
8192 4.911423e-05
8192 3.910065e-05
8192 3.814697e-05
8192 3.910065e-05
8192 4.005432e-05
8192 3.790855e-05
8192 3.910065e-05
8192 3.910065e-05
8192 4.291534e-05
8192 4.982948e-05
8192 5.507469e-05
8192 4.100800e-05
8192 5.197525e-05
8192 4.100800e-05
8192 4.291534e-05
8192 4.291534e-05
8192 4.291534e-05
8192 4.696846e-05
8192 3.910065e-05
8192 3.886223e-05
8192 3.814697e-05
8192 3.910065e-05
8192 4.196167e-05
8192 3.910065e-05
8192 3.910065e-05
8192 4.196167e-05
8192 4.291534e-05
8192 4.196167e-05
8192 4.220009e-05
8192 4.100800e-05
8192 4.196167e-05
8192 4.196167e-05
8192 4.196167e-05
8192 4.196167e-05
8192 4.005432e-05
8192 4.506111e-05
8192 3.886223e-05
8192 3.910065e-05
8192 4.196167e-05
8192 4.196167e-05
8192 5.483627e-05
8192 4.601479e-05
8192 4.196167e-05
8192 4.196167e-05
8192 4.196167e-05
8192 4.196167e-05
8192 4.220009e-05
8192 5.793571e-05
8192 5.102158e-05
8192 4.196167e-05
8192 4.315376e-05
8192 3.886223e-05
8192 3.790855e-05
8192 4.005432e-05
8192 3.981590e-05
8192 3.814697e-05
8192 3.910065e-05
8192 5.316734e-05
8192 4.196167e-05
8192 4.291534e-05
8192 4.196167e-05
8192 4.982948e-05
8192 4.291534e-05
8192 5.507469e-05
8192 4.196167e-05
8192 4.315376e-05
8192 4.386902e-05
8192 3.910065e-05
8192 3.910065e-05
8192 4.315376e-05
8192 3.814697e-05
8192 3.790855e-05
8192 5.888939e-05
8192 4.982948e-05
8192 4.100800e-05
8192 4.100800e-05
8192 4.220009e-05
8192 4.386902e-05
8192 4.291534e-05
8192 4.196167e-05
8192 4.196167e-05
8192 4.196167e-05
8192 4.410744e-05
8192 3.790855e-05
8192 3.910065e-05
8192 3.790855e-05
8192 6.198883e-05
8192 4.005432e-05
8192 3.910065e-05
8192 3.814697e-05
8192 5.197525e-05
16384 7.677078e-05
16384 7.605553e-05
16384 7.700920e-05
16384 7.796288e-05
16384 7.677078e-05
16384 7.104874e-05
16384 7.009506e-05
16384 7.104874e-05
16384 7.820129e-05
16384 7.700920e-05
16384 7.796288e-05
16384 7.796288e-05
16384 7.700920e-05
16384 7.009506e-05
16384 7.200241e-05
16384 7.104874e-05
16384 7.104874e-05
16384 7.605553e-05
16384 7.700920e-05
16384 7.891655e-05
16384 7.700920e-05
16384 7.677078e-05
16384 6.985664e-05
16384 7.009506e-05
16384 6.914139e-05
16384 7.200241e-05
16384 7.700920e-05
16384 7.796288e-05
16384 7.796288e-05
16384 7.700920e-05
16384 1.018047e-04
16384 7.104874e-05
16384 7.104874e-05
16384 7.200241e-05
16384 8.487701e-05
16384 9.012222e-05
16384 7.891655e-05
16384 7.605553e-05
16384 7.700920e-05
16384 8.392334e-05
16384 7.009506e-05
16384 7.891655e-05
16384 6.914139e-05
16384 8.702278e-05
16384 7.891655e-05
16384 7.820129e-05
16384 7.796288e-05
16384 7.796288e-05
16384 7.700920e-05
16384 6.985664e-05
16384 7.009506e-05
16384 7.104874e-05
16384 7.796288e-05
16384 7.796288e-05
16384 7.700920e-05
16384 8.296967e-05
16384 7.987022e-05
16384 8.893013e-05
16384 6.914139e-05
16384 1.130104e-04
16384 6.914139e-05
16384 7.700920e-05
16384 7.700920e-05
16384 9.012222e-05
16384 7.700920e-05
16384 8.010864e-05
16384 7.104874e-05
16384 7.081032e-05
16384 7.009506e-05
16384 7.104874e-05
16384 7.700920e-05
16384 7.700920e-05
16384 7.700920e-05
16384 7.796288e-05
16384 7.796288e-05
16384 7.009506e-05
16384 6.985664e-05
16384 7.009506e-05
16384 6.985664e-05
16384 7.796288e-05
16384 7.820129e-05
16384 7.891655e-05
16384 7.605553e-05
16384 7.891655e-05
16384 7.104874e-05
16384 7.009506e-05
16384 7.295609e-05
16384 8.201599e-05
16384 7.677078e-05
16384 7.700920e-05
16384 7.987022e-05
16384 7.987022e-05
16384 7.915497e-05
16384 7.009506e-05
16384 7.796288e-05
16384 7.104874e-05
16384 7.796288e-05
16384 7.796288e-05
16384 7.700920e-05
16384 8.201599e-05
