1024 6.389618e-05
1024 2.217293e-05
1024 9.138584e-04
1024 4.100800e-05
1024 1.788139e-05
1024 3.099442e-05
1024 1.883507e-05
1024 2.193451e-05
1024 1.811981e-05
1024 1.621246e-05
1024 1.692772e-05
1024 1.811981e-05
1024 1.597404e-05
1024 4.196167e-05
1024 1.788139e-05
1024 4.291534e-05
1024 2.193451e-05
1024 1.811981e-05
1024 1.692772e-05
1024 1.788139e-05
1024 1.692772e-05
1024 1.716614e-05
1024 1.692772e-05
1024 4.196167e-05
1024 1.692772e-05
1024 1.716614e-05
1024 1.692772e-05
1024 2.288818e-05
1024 5.006790e-05
1024 1.788139e-05
1024 1.502037e-05
1024 2.694130e-05
1024 1.597404e-05
1024 3.480911e-05
1024 1.692772e-05
1024 1.597404e-05
1024 1.811981e-05
1024 1.788139e-05
1024 1.692772e-05
1024 3.194809e-05
1024 1.692772e-05
1024 3.099442e-05
1024 1.716614e-05
1024 1.811981e-05
1024 1.621246e-05
1024 1.597404e-05
1024 1.621246e-05
1024 1.907349e-05
1024 1.692772e-05
1024 3.695488e-05
1024 1.692772e-05
1024 1.692772e-05
1024 1.692772e-05
1024 1.621246e-05
1024 2.717972e-05
1024 1.597404e-05
1024 1.716614e-05
1024 1.621246e-05
1024 1.788139e-05
1024 4.005432e-05
1024 1.716614e-05
1024 1.716614e-05
1024 1.621246e-05
1024 1.692772e-05
1024 1.788139e-05
1024 4.792213e-05
1024 2.598763e-05
1024 3.385544e-05
1024 1.597404e-05
1024 1.692772e-05
1024 1.716614e-05
1024 1.692772e-05
1024 1.716614e-05
1024 1.621246e-05
1024 1.621246e-05
1024 1.597404e-05
1024 1.597404e-05
1024 4.196167e-05
1024 1.716614e-05
1024 1.692772e-05
1024 1.692772e-05
1024 1.692772e-05
1024 1.597404e-05
1024 1.692772e-05
1024 1.692772e-05
1024 1.692772e-05
1024 4.220009e-05
1024 1.597404e-05
1024 4.005432e-05
1024 1.597404e-05
1024 1.621246e-05
1024 1.692772e-05
1024 1.716614e-05
1024 1.692772e-05
1024 3.314018e-05
1024 1.597404e-05
1024 3.385544e-05
1024 1.716614e-05
1024 1.621246e-05
1024 1.788139e-05
2048 2.002716e-05
2048 4.410744e-05
2048 1.907349e-05
2048 3.099442e-05
2048 1.907349e-05
2048 2.098083e-05
2048 1.811981e-05
2048 1.907349e-05
2048 1.811981e-05
2048 1.883507e-05
2048 2.002716e-05
2048 1.811981e-05
2048 7.104874e-05
2048 1.907349e-05
2048 2.002716e-05
2048 2.503395e-05
2048 1.811981e-05
2048 5.388260e-05
2048 2.193451e-05
2048 1.883507e-05
2048 1.907349e-05
2048 4.196167e-05
2048 4.386902e-05
2048 1.811981e-05
2048 2.002716e-05
2048 1.811981e-05
2048 3.814697e-05
2048 1.811981e-05
2048 1.811981e-05
2048 1.811981e-05
2048 2.813339e-05
2048 2.098083e-05
2048 1.907349e-05
2048 1.907349e-05
2048 3.790855e-05
2048 3.004074e-05
2048 1.907349e-05
2048 1.811981e-05
2048 1.907349e-05
2048 1.811981e-05
2048 1.811981e-05
2048 1.788139e-05
2048 3.409386e-05
2048 1.907349e-05
2048 1.811981e-05
2048 1.907349e-05
2048 1.811981e-05
2048 1.811981e-05
2048 1.788139e-05
2048 1.907349e-05
2048 1.811981e-05
2048 4.196167e-05
2048 1.788139e-05
2048 4.005432e-05
2048 1.788139e-05
2048 1.811981e-05
2048 1.811981e-05
2048 1.811981e-05
2048 4.506111e-05
2048 1.907349e-05
2048 3.314018e-05
2048 1.883507e-05
2048 1.907349e-05
2048 1.907349e-05
2048 1.883507e-05
2048 4.196167e-05
2048 1.907349e-05
2048 5.197525e-05
2048 1.716614e-05
2048 3.409386e-05
2048 1.907349e-05
2048 1.811981e-05
2048 2.002716e-05
2048 1.788139e-05
2048 4.100800e-05
2048 1.883507e-05
2048 3.004074e-05
2048 1.907349e-05
2048 1.788139e-05
2048 1.907349e-05
2048 1.788139e-05
2048 5.102158e-05
2048 1.811981e-05
2048 4.410744e-05
2048 1.811981e-05
2048 3.504753e-05
2048 1.907349e-05
2048 1.907349e-05
2048 1.883507e-05
2048 1.811981e-05
2048 4.005432e-05
2048 1.811981e-05
2048 2.002716e-05
2048 1.811981e-05
2048 1.716614e-05
2048 1.788139e-05
2048 1.907349e-05
2048 4.911423e-05
2048 1.811981e-05
2048 1.907349e-05
4096 2.002716e-05
4096 2.193451e-05
4096 2.098083e-05
4096 2.193451e-05
4096 2.288818e-05
4096 2.002716e-05
4096 2.002716e-05
4096 2.002716e-05
4096 2.098083e-05
4096 2.098083e-05
4096 2.098083e-05
4096 4.386902e-05
4096 1.907349e-05
4096 4.482269e-05
4096 2.813339e-05
4096 1.907349e-05
4096 2.098083e-05
4096 1.907349e-05
4096 2.002716e-05
4096 3.886223e-05
4096 4.410744e-05
4096 2.002716e-05
4096 2.002716e-05
4096 2.408028e-05
4096 2.098083e-05
4096 3.218651e-05
4096 3.099442e-05
4096 3.218651e-05
4096 1.907349e-05
4096 2.002716e-05
4096 2.002716e-05
4096 1.907349e-05
4096 2.002716e-05
4096 3.004074e-05
4096 4.601479e-05
4096 1.907349e-05
4096 3.194809e-05
4096 2.098083e-05
4096 2.098083e-05
4096 2.002716e-05
4096 2.098083e-05
4096 2.002716e-05
4096 4.506111e-05
4096 2.098083e-05
4096 2.002716e-05
4096 2.002716e-05
4096 2.002716e-05
4096 2.002716e-05
4096 4.196167e-05
4096 2.002716e-05
4096 2.098083e-05
4096 2.002716e-05
4096 2.098083e-05
4096 2.002716e-05
4096 2.002716e-05
4096 1.907349e-05
4096 3.314018e-05
4096 2.098083e-05
4096 2.098083e-05
4096 2.193451e-05
4096 4.386902e-05
4096 2.002716e-05
4096 2.002716e-05
4096 2.002716e-05
4096 2.098083e-05
4096 1.907349e-05
4096 4.410744e-05
4096 3.910065e-05
4096 4.315376e-05
4096 2.002716e-05
4096 2.002716e-05
4096 2.002716e-05
4096 2.098083e-05
4096 1.978874e-05
4096 4.386902e-05
4096 4.196167e-05
4096 2.098083e-05
4096 2.002716e-05
4096 2.002716e-05
4096 2.002716e-05
4096 3.194809e-05
4096 2.908707e-05
4096 4.506111e-05
4096 2.002716e-05
4096 2.002716e-05
4096 2.002716e-05
4096 2.002716e-05
4096 2.002716e-05
4096 3.099442e-05
4096 4.386902e-05
4096 2.098083e-05
4096 2.002716e-05
4096 2.002716e-05
4096 2.002716e-05
4096 2.193451e-05
4096 2.098083e-05
4096 2.288818e-05
4096 2.121925e-05
4096 2.002716e-05
4096 2.002716e-05
8192 2.408028e-05
8192 4.792213e-05
8192 7.200241e-05
8192 2.408028e-05
8192 2.408028e-05
8192 2.908707e-05
8192 2.694130e-05
8192 3.385544e-05
8192 4.720688e-05
8192 2.288818e-05
8192 2.408028e-05
8192 2.503395e-05
8192 2.384186e-05
8192 2.408028e-05
8192 2.503395e-05
8192 2.384186e-05
8192 2.408028e-05
8192 2.479553e-05
8192 2.312660e-05
8192 2.384186e-05
8192 2.408028e-05
8192 2.408028e-05
8192 2.598763e-05
8192 4.982948e-05
8192 2.408028e-05
8192 2.312660e-05
8192 2.288818e-05
8192 2.384186e-05
8192 4.482269e-05
8192 4.696846e-05
8192 2.384186e-05
8192 2.288818e-05
8192 2.288818e-05
8192 2.312660e-05
8192 2.384186e-05
8192 2.217293e-05
8192 2.312660e-05
8192 2.408028e-05
8192 2.312660e-05
8192 2.503395e-05
8192 2.408028e-05
8192 2.408028e-05
8192 2.408028e-05
8192 2.384186e-05
8192 5.006790e-05
8192 2.312660e-05
8192 2.408028e-05
8192 2.312660e-05
8192 2.503395e-05
8192 4.696846e-05
8192 4.696846e-05
8192 2.384186e-05
8192 2.408028e-05
8192 2.503395e-05
8192 2.312660e-05
8192 3.194809e-05
8192 2.408028e-05
8192 2.408028e-05
8192 3.290176e-05
8192 2.312660e-05
8192 2.312660e-05
8192 2.288818e-05
8192 2.312660e-05
8192 2.288818e-05
8192 2.312660e-05
8192 5.006790e-05
8192 2.408028e-05
8192 2.312660e-05
8192 2.312660e-05
8192 2.503395e-05
8192 4.601479e-05
8192 4.911423e-05
8192 2.193451e-05
8192 2.408028e-05
8192 2.288818e-05
8192 2.312660e-05
8192 2.503395e-05
8192 2.312660e-05
8192 2.408028e-05
8192 2.479553e-05
8192 2.288818e-05
8192 2.384186e-05
8192 2.384186e-05
8192 2.312660e-05
8192 2.598763e-05
8192 2.384186e-05
8192 5.197525e-05
8192 2.408028e-05
8192 2.384186e-05
8192 2.288818e-05
8192 2.503395e-05
8192 4.005432e-05
8192 4.601479e-05
8192 2.408028e-05
8192 2.312660e-05
8192 2.193451e-05
8192 2.288818e-05
8192 2.408028e-05
8192 2.408028e-05
8192 2.288818e-05
16384 3.290176e-05
16384 3.409386e-05
16384 3.290176e-05
16384 3.194809e-05
16384 3.290176e-05
16384 3.290176e-05
16384 3.194809e-05
16384 3.409386e-05
16384 3.409386e-05
16384 3.314018e-05
16384 3.290176e-05
16384 3.290176e-05
16384 3.194809e-05
16384 3.194809e-05
16384 3.314018e-05
16384 3.290176e-05
16384 3.290176e-05
16384 3.290176e-05
16384 3.194809e-05
16384 3.194809e-05
16384 3.194809e-05
16384 5.412102e-05
16384 4.410744e-05
16384 3.218651e-05
16384 3.409386e-05
16384 5.507469e-05
16384 3.218651e-05
16384 3.194809e-05
16384 6.484985e-05
16384 3.194809e-05
16384 4.911423e-05
16384 3.290176e-05
16384 3.290176e-05
16384 5.412102e-05
16384 3.290176e-05
16384 3.194809e-05
16384 3.290176e-05
16384 4.982948e-05
16384 3.194809e-05
16384 3.218651e-05
16384 5.388260e-05
16384 3.290176e-05
16384 5.221367e-05
16384 3.290176e-05
16384 4.911423e-05
16384 3.385544e-05
16384 3.194809e-05
16384 5.602837e-05
16384 3.218651e-05
16384 3.314018e-05
16384 3.194809e-05
16384 5.197525e-05
16384 3.290176e-05
16384 5.507469e-05
16384 4.506111e-05
16384 3.409386e-05
16384 6.484985e-05
16384 3.314018e-05
16384 5.102158e-05
16384 3.290176e-05
16384 3.290176e-05
16384 5.817413e-05
16384 3.314018e-05
16384 3.218651e-05
16384 3.314018e-05
16384 4.982948e-05
16384 3.194809e-05
16384 3.290176e-05
16384 5.292892e-05
16384 3.314018e-05
16384 6.103516e-05
16384 3.218651e-05
16384 5.006790e-05
16384 3.600121e-05
16384 5.602837e-05
16384 4.196167e-05
16384 3.194809e-05
16384 5.793571e-05
16384 3.409386e-05
16384 5.006790e-05
16384 3.314018e-05
16384 3.290176e-05
16384 5.698204e-05
16384 3.194809e-05
16384 3.290176e-05
16384 3.290176e-05
16384 5.698204e-05
16384 3.218651e-05
16384 3.314018e-05
16384 5.602837e-05
16384 3.385544e-05
16384 3.409386e-05
16384 3.290176e-05
16384 5.006790e-05
16384 3.290176e-05
16384 3.385544e-05
16384 5.698204e-05
16384 3.194809e-05
16384 3.194809e-05
16384 3.194809e-05
