1024 7.104874e-05
1024 3.600121e-05
1024 1.255989e-03
1024 4.100800e-05
1024 3.290176e-05
1024 5.197525e-05
1024 4.720688e-05
1024 2.789497e-05
1024 2.717972e-05
1024 4.887581e-05
1024 2.813339e-05
1024 4.887581e-05
1024 5.793571e-05
1024 2.694130e-05
1024 3.004074e-05
1024 2.503395e-05
1024 2.598763e-05
1024 4.386902e-05
1024 4.196167e-05
1024 2.694130e-05
1024 2.503395e-05
1024 2.717972e-05
1024 2.717972e-05
1024 4.506111e-05
1024 8.416176e-05
1024 3.504753e-05
1024 2.503395e-05
1024 2.503395e-05
1024 5.793571e-05
1024 3.004074e-05
1024 4.100800e-05
1024 3.409386e-05
1024 4.792213e-05
1024 2.908707e-05
1024 2.503395e-05
1024 2.408028e-05
1024 6.890297e-05
1024 3.814697e-05
1024 4.887581e-05
1024 8.177757e-05
1024 7.987022e-05
1024 8.010864e-05
1024 6.699562e-05
1024 7.891655e-05
1024 6.103516e-05
1024 8.201599e-05
1024 8.416176e-05
1024 8.296967e-05
1024 8.296967e-05
1024 8.320808e-05
1024 8.201599e-05
1024 3.910065e-05
1024 2.884865e-05
1024 2.813339e-05
1024 3.099442e-05
1024 2.789497e-05
1024 3.099442e-05
1024 2.503395e-05
1024 4.410744e-05
1024 3.099442e-05
1024 2.408028e-05
1024 2.598763e-05
1024 6.294250e-05
1024 2.479553e-05
1024 2.408028e-05
1024 2.980232e-05
1024 5.197525e-05
1024 2.598763e-05
1024 3.004074e-05
1024 2.813339e-05
1024 4.720688e-05
1024 2.598763e-05
1024 2.717972e-05
1024 4.100800e-05
1024 8.702278e-05
1024 2.694130e-05
1024 2.408028e-05
1024 2.694130e-05
1024 5.888939e-05
1024 2.503395e-05
1024 3.099442e-05
1024 2.908707e-05
1024 4.792213e-05
1024 2.694130e-05
1024 3.099442e-05
1024 4.601479e-05
1024 9.298325e-05
1024 2.598763e-05
1024 2.694130e-05
1024 2.884865e-05
1024 5.888939e-05
1024 2.908707e-05
1024 3.099442e-05
1024 2.717972e-05
1024 4.601479e-05
1024 2.694130e-05
1024 2.503395e-05
1024 4.506111e-05
1024 8.416176e-05
1024 3.099442e-05
2048 2.789497e-05
2048 2.717972e-05
2048 2.813339e-05
2048 2.717972e-05
2048 2.598763e-05
2048 3.194809e-05
2048 4.792213e-05
2048 3.314018e-05
2048 2.908707e-05
2048 4.410744e-05
2048 8.296967e-05
2048 2.694130e-05
2048 2.813339e-05
2048 5.102158e-05
2048 2.789497e-05
2048 2.598763e-05
2048 2.622604e-05
2048 4.601479e-05
2048 2.717972e-05
2048 2.908707e-05
2048 3.004074e-05
2048 8.511543e-05
2048 5.006790e-05
2048 3.409386e-05
2048 7.009506e-05
2048 7.581711e-05
2048 2.622604e-05
2048 6.508827e-05
2048 2.789497e-05
2048 3.194809e-05
2048 4.816055e-05
2048 7.104874e-05
2048 7.295609e-05
2048 7.200241e-05
2048 7.796288e-05
2048 8.106232e-05
2048 7.796288e-05
2048 5.197525e-05
2048 4.887581e-05
2048 3.504753e-05
2048 3.218651e-05
2048 5.698204e-05
2048 2.717972e-05
2048 3.409386e-05
2048 4.982948e-05
2048 3.099442e-05
2048 4.601479e-05
2048 5.698204e-05
2048 3.099442e-05
2048 2.908707e-05
2048 2.908707e-05
2048 5.698204e-05
2048 2.884865e-05
2048 3.290176e-05
2048 3.194809e-05
2048 4.696846e-05
2048 2.908707e-05
2048 2.598763e-05
2048 2.908707e-05
2048 5.197525e-05
2048 2.598763e-05
2048 2.408028e-05
2048 2.622604e-05
2048 4.887581e-05
2048 4.696846e-05
2048 3.099442e-05
2048 2.717972e-05
2048 2.694130e-05
2048 2.694130e-05
2048 4.506111e-05
2048 9.393692e-05
2048 2.503395e-05
2048 3.004074e-05
2048 2.408028e-05
2048 4.792213e-05
2048 3.600121e-05
2048 3.600121e-05
2048 2.813339e-05
2048 4.911423e-05
2048 2.694130e-05
2048 2.908707e-05
2048 4.506111e-05
2048 8.392334e-05
2048 3.004074e-05
2048 2.503395e-05
2048 2.503395e-05
2048 5.817413e-05
2048 2.813339e-05
2048 2.694130e-05
2048 2.717972e-05
2048 3.790855e-05
2048 2.694130e-05
2048 2.598763e-05
2048 2.694130e-05
2048 5.698204e-05
2048 3.695488e-05
2048 3.409386e-05
2048 3.504753e-05
2048 4.696846e-05
2048 4.386902e-05
4096 3.194809e-05
4096 2.789497e-05
4096 2.694130e-05
4096 2.908707e-05
4096 3.790855e-05
4096 5.817413e-05
4096 2.598763e-05
4096 2.789497e-05
4096 2.717972e-05
4096 3.218651e-05
4096 5.388260e-05
4096 2.598763e-05
4096 2.694130e-05
4096 2.717972e-05
4096 3.004074e-05
4096 2.980232e-05
4096 7.200241e-05
4096 2.598763e-05
4096 3.099442e-05
4096 2.598763e-05
4096 2.908707e-05
4096 4.696846e-05
4096 2.884865e-05
4096 2.813339e-05
4096 4.506111e-05
4096 2.622604e-05
4096 4.720688e-05
4096 8.893013e-05
4096 2.622604e-05
4096 3.194809e-05
4096 2.598763e-05
4096 5.412102e-05
4096 4.816055e-05
4096 2.884865e-05
4096 7.009506e-05
4096 4.506111e-05
4096 5.412102e-05
4096 6.103516e-05
4096 5.006790e-05
4096 4.601479e-05
4096 6.794930e-05
4096 3.409386e-05
4096 5.006790e-05
4096 3.314018e-05
4096 3.409386e-05
4096 5.292892e-05
4096 5.006790e-05
4096 3.409386e-05
4096 2.908707e-05
4096 5.483627e-05
4096 3.290176e-05
4096 2.813339e-05
4096 2.813339e-05
4096 4.887581e-05
4096 2.908707e-05
4096 4.911423e-05
4096 8.702278e-05
4096 3.194809e-05
4096 3.004074e-05
4096 2.717972e-05
4096 4.696846e-05
4096 5.006790e-05
4096 2.789497e-05
4096 4.887581e-05
4096 2.598763e-05
4096 3.290176e-05
4096 3.099442e-05
4096 7.414818e-05
4096 2.813339e-05
4096 3.409386e-05
4096 2.598763e-05
4096 5.412102e-05
4096 3.719330e-05
4096 2.813339e-05
4096 4.792213e-05
4096 2.717972e-05
4096 2.598763e-05
4096 2.598763e-05
4096 7.796288e-05
4096 2.598763e-05
4096 2.694130e-05
4096 2.789497e-05
4096 4.792213e-05
4096 4.792213e-05
4096 2.717972e-05
4096 4.601479e-05
4096 2.908707e-05
4096 2.598763e-05
4096 2.908707e-05
4096 8.583069e-05
4096 2.789497e-05
4096 2.789497e-05
4096 2.789497e-05
4096 2.694130e-05
4096 2.503395e-05
4096 2.694130e-05
4096 2.622604e-05
4096 5.412102e-05
4096 2.813339e-05
4096 4.601479e-05
8192 8.797646e-05
8192 2.908707e-05
8192 2.789497e-05
8192 5.102158e-05
8192 3.314018e-05
8192 2.908707e-05
8192 3.004074e-05
8192 3.409386e-05
8192 3.004074e-05
8192 2.908707e-05
8192 4.911423e-05
8192 3.004074e-05
8192 2.908707e-05
8192 5.698204e-05
8192 3.600121e-05
8192 3.409386e-05
8192 4.911423e-05
8192 2.884865e-05
8192 3.004074e-05
8192 6.508827e-05
8192 3.314018e-05
8192 3.290176e-05
8192 8.988380e-05
8192 9.202957e-05
8192 6.604195e-05
8192 6.198883e-05
8192 8.106232e-05
8192 6.699562e-05
8192 4.696846e-05
8192 5.912781e-05
8192 6.484985e-05
8192 6.508827e-05
8192 7.081032e-05
8192 9.608269e-05
8192 5.483627e-05
8192 6.580353e-05
8192 5.412102e-05
8192 3.910065e-05
8192 3.600121e-05
8192 3.814697e-05
8192 3.314018e-05
8192 5.793571e-05
8192 3.099442e-05
8192 3.004074e-05
8192 4.696846e-05
8192 5.006790e-05
8192 3.099442e-05
8192 3.218651e-05
8192 3.409386e-05
8192 4.792213e-05
8192 9.202957e-05
8192 3.004074e-05
8192 2.884865e-05
8192 3.004074e-05
8192 5.292892e-05
8192 3.409386e-05
8192 7.104874e-05
8192 1.840591e-04
8192 3.099442e-05
8192 3.004074e-05
8192 5.006790e-05
8192 3.314018e-05
8192 3.194809e-05
8192 3.385544e-05
8192 3.409386e-05
8192 3.218651e-05
8192 3.409386e-05
8192 7.987022e-05
8192 3.099442e-05
8192 3.004074e-05
8192 5.006790e-05
8192 4.792213e-05
8192 2.884865e-05
8192 4.911423e-05
8192 2.884865e-05
8192 3.600121e-05
8192 7.390976e-05
8192 2.908707e-05
8192 2.813339e-05
8192 2.884865e-05
8192 4.696846e-05
8192 2.789497e-05
8192 2.908707e-05
8192 3.004074e-05
8192 2.813339e-05
8192 3.099442e-05
8192 6.318092e-05
8192 3.194809e-05
8192 2.813339e-05
8192 5.102158e-05
8192 3.504753e-05
8192 2.813339e-05
8192 3.290176e-05
8192 4.100800e-05
8192 3.004074e-05
8192 3.099442e-05
8192 6.604195e-05
8192 2.980232e-05
8192 3.504753e-05
8192 5.102158e-05
16384 5.698204e-05
16384 3.504753e-05
16384 5.602837e-05
16384 5.698204e-05
16384 7.414818e-05
16384 3.504753e-05
16384 3.504753e-05
16384 3.790855e-05
16384 3.600121e-05
16384 5.412102e-05
16384 3.504753e-05
16384 4.291534e-05
16384 7.009506e-05
16384 3.504753e-05
16384 8.201599e-05
16384 3.504753e-05
16384 3.409386e-05
16384 5.602837e-05
16384 3.600121e-05
16384 5.388260e-05
16384 3.600121e-05
16384 3.504753e-05
16384 6.604195e-05
16384 6.103516e-05
16384 3.790855e-05
16384 3.695488e-05
16384 7.009506e-05
16384 1.039505e-04
16384 9.202957e-05
16384 8.106232e-05
16384 8.702278e-05
16384 7.486343e-05
16384 8.606911e-05
16384 4.196167e-05
16384 3.981590e-05
16384 3.790855e-05
16384 3.910065e-05
16384 5.102158e-05
16384 3.790855e-05
16384 3.600121e-05
16384 6.103516e-05
16384 4.410744e-05
16384 5.388260e-05
16384 4.005432e-05
16384 3.600121e-05
16384 3.600121e-05
16384 4.100800e-05
16384 3.600121e-05
16384 4.982948e-05
16384 5.102158e-05
16384 7.891655e-05
16384 6.794930e-05
16384 6.198883e-05
16384 9.584427e-05
16384 4.315376e-05
16384 6.818771e-05
16384 5.602837e-05
16384 5.292892e-05
16384 4.196167e-05
16384 6.079674e-05
16384 6.914139e-05
16384 6.008148e-05
16384 7.104874e-05
16384 9.012222e-05
16384 7.009506e-05
16384 8.201599e-05
16384 7.200241e-05
16384 5.984306e-05
16384 4.982948e-05
16384 4.196167e-05
16384 6.198883e-05
16384 4.196167e-05
16384 6.699562e-05
16384 3.695488e-05
16384 3.886223e-05
16384 5.412102e-05
16384 3.719330e-05
16384 3.814697e-05
16384 3.695488e-05
16384 4.005432e-05
16384 9.298325e-05
16384 4.220009e-05
16384 3.695488e-05
16384 3.695488e-05
16384 3.719330e-05
16384 5.197525e-05
16384 3.814697e-05
16384 3.981590e-05
16384 5.912781e-05
16384 4.005432e-05
16384 7.319450e-05
16384 5.197525e-05
16384 4.100800e-05
16384 3.790855e-05
16384 3.600121e-05
16384 9.298325e-05
16384 4.601479e-05
16384 5.102158e-05
16384 3.600121e-05
16384 3.695488e-05
