1024 3.886223e-05
1024 2.002716e-05
1024 4.839897e-04
1024 1.597404e-05
1024 1.311302e-05
1024 1.311302e-05
1024 1.215935e-05
1024 1.311302e-05
1024 1.215935e-05
1024 1.311302e-05
1024 1.311302e-05
1024 1.311302e-05
1024 1.311302e-05
1024 1.406670e-05
1024 1.215935e-05
1024 3.600121e-05
1024 1.311302e-05
1024 1.215935e-05
1024 1.287460e-05
1024 1.215935e-05
1024 1.192093e-05
1024 1.192093e-05
1024 1.215935e-05
1024 1.311302e-05
1024 1.287460e-05
1024 1.311302e-05
1024 1.311302e-05
1024 1.311302e-05
1024 1.311302e-05
1024 1.287460e-05
1024 1.311302e-05
1024 1.311302e-05
1024 1.311302e-05
1024 1.597404e-05
1024 1.502037e-05
1024 1.311302e-05
1024 1.215935e-05
1024 1.311302e-05
1024 1.287460e-05
1024 1.215935e-05
1024 1.311302e-05
1024 1.287460e-05
1024 1.311302e-05
1024 1.287460e-05
1024 1.311302e-05
1024 1.287460e-05
1024 1.311302e-05
1024 1.192093e-05
1024 1.287460e-05
1024 3.314018e-05
1024 1.215935e-05
1024 1.311302e-05
1024 1.215935e-05
1024 1.287460e-05
1024 1.192093e-05
1024 1.215935e-05
1024 1.311302e-05
1024 3.790855e-05
1024 1.215935e-05
1024 1.287460e-05
1024 1.311302e-05
1024 1.215935e-05
1024 1.287460e-05
1024 1.311302e-05
1024 1.311302e-05
1024 1.215935e-05
1024 1.215935e-05
1024 1.311302e-05
1024 1.215935e-05
1024 1.287460e-05
1024 3.886223e-05
1024 1.311302e-05
1024 1.311302e-05
1024 2.288818e-05
1024 1.311302e-05
1024 1.287460e-05
1024 1.215935e-05
1024 1.192093e-05
1024 1.287460e-05
1024 1.311302e-05
1024 1.287460e-05
1024 3.695488e-05
1024 1.311302e-05
1024 1.311302e-05
1024 1.287460e-05
1024 1.215935e-05
1024 1.287460e-05
1024 1.382828e-05
1024 1.215935e-05
1024 1.287460e-05
1024 1.192093e-05
1024 1.192093e-05
1024 1.311302e-05
1024 1.311302e-05
1024 1.287460e-05
1024 1.406670e-05
1024 1.287460e-05
1024 1.311302e-05
1024 1.192093e-05
1024 1.287460e-05
2048 2.098083e-05
2048 4.005432e-05
2048 2.813339e-05
2048 4.100800e-05
2048 1.502037e-05
2048 1.502037e-05
2048 2.408028e-05
2048 1.597404e-05
2048 1.502037e-05
2048 1.502037e-05
2048 1.597404e-05
2048 1.502037e-05
2048 1.597404e-05
2048 1.502037e-05
2048 1.502037e-05
2048 1.502037e-05
2048 1.597404e-05
2048 1.597404e-05
2048 1.621246e-05
2048 1.811981e-05
2048 3.099442e-05
2048 4.005432e-05
2048 1.502037e-05
2048 1.502037e-05
2048 1.502037e-05
2048 1.597404e-05
2048 1.502037e-05
2048 1.597404e-05
2048 1.502037e-05
2048 1.502037e-05
2048 1.597404e-05
2048 1.502037e-05
2048 1.502037e-05
2048 1.502037e-05
2048 1.502037e-05
2048 1.597404e-05
2048 1.597404e-05
2048 1.502037e-05
2048 2.717972e-05
2048 3.910065e-05
2048 1.597404e-05
2048 1.597404e-05
2048 1.597404e-05
2048 1.502037e-05
2048 1.621246e-05
2048 1.502037e-05
2048 1.502037e-05
2048 1.597404e-05
2048 1.502037e-05
2048 1.597404e-05
2048 1.502037e-05
2048 1.502037e-05
2048 1.502037e-05
2048 1.597404e-05
2048 1.597404e-05
2048 3.194809e-05
2048 3.600121e-05
2048 4.100800e-05
2048 1.597404e-05
2048 1.597404e-05
2048 1.502037e-05
2048 1.502037e-05
2048 1.597404e-05
2048 2.479553e-05
2048 1.597404e-05
2048 1.502037e-05
2048 1.597404e-05
2048 1.621246e-05
2048 1.597404e-05
2048 1.502037e-05
2048 1.597404e-05
2048 1.502037e-05
2048 1.597404e-05
2048 1.621246e-05
2048 3.790855e-05
2048 3.814697e-05
2048 1.597404e-05
2048 1.502037e-05
2048 1.502037e-05
2048 1.597404e-05
2048 1.502037e-05
2048 1.502037e-05
2048 1.597404e-05
2048 1.502037e-05
2048 1.502037e-05
2048 1.502037e-05
2048 1.716614e-05
2048 1.502037e-05
2048 1.597404e-05
2048 1.502037e-05
2048 1.597404e-05
2048 1.406670e-05
2048 1.597404e-05
2048 1.621246e-05
2048 1.502037e-05
2048 1.502037e-05
2048 1.502037e-05
2048 1.502037e-05
2048 1.597404e-05
2048 1.502037e-05
4096 1.907349e-05
4096 1.811981e-05
4096 2.002716e-05
4096 2.002716e-05
4096 2.002716e-05
4096 1.907349e-05
4096 1.883507e-05
4096 1.811981e-05
4096 1.883507e-05
4096 1.883507e-05
4096 1.907349e-05
4096 2.002716e-05
4096 1.811981e-05
4096 1.811981e-05
4096 2.002716e-05
4096 2.002716e-05
4096 2.002716e-05
4096 1.907349e-05
4096 1.811981e-05
4096 1.883507e-05
4096 2.098083e-05
4096 2.002716e-05
4096 1.907349e-05
4096 1.883507e-05
4096 2.002716e-05
4096 1.811981e-05
4096 1.811981e-05
4096 1.907349e-05
4096 1.907349e-05
4096 1.811981e-05
4096 1.907349e-05
4096 3.218651e-05
4096 3.504753e-05
4096 2.121925e-05
4096 1.907349e-05
4096 1.907349e-05
4096 1.907349e-05
4096 1.907349e-05
4096 1.907349e-05
4096 2.002716e-05
4096 4.005432e-05
4096 1.978874e-05
4096 1.907349e-05
4096 1.907349e-05
4096 1.907349e-05
4096 1.907349e-05
4096 2.002716e-05
4096 1.883507e-05
4096 1.883507e-05
4096 1.907349e-05
4096 1.907349e-05
4096 1.811981e-05
4096 1.907349e-05
4096 1.907349e-05
4096 2.002716e-05
4096 1.907349e-05
4096 4.196167e-05
4096 1.907349e-05
4096 2.002716e-05
4096 2.002716e-05
4096 1.907349e-05
4096 1.907349e-05
4096 1.883507e-05
4096 1.788139e-05
4096 1.907349e-05
4096 2.002716e-05
4096 1.788139e-05
4096 1.907349e-05
4096 1.907349e-05
4096 1.883507e-05
4096 2.002716e-05
4096 4.601479e-05
4096 2.908707e-05
4096 1.907349e-05
4096 1.978874e-05
4096 1.907349e-05
4096 1.907349e-05
4096 1.907349e-05
4096 1.811981e-05
4096 2.002716e-05
4096 1.907349e-05
4096 1.907349e-05
4096 2.002716e-05
4096 1.907349e-05
4096 1.907349e-05
4096 1.811981e-05
4096 1.883507e-05
4096 1.907349e-05
4096 2.002716e-05
4096 1.811981e-05
4096 1.883507e-05
4096 2.002716e-05
4096 1.811981e-05
4096 1.907349e-05
4096 1.907349e-05
4096 1.883507e-05
4096 1.907349e-05
4096 3.814697e-05
4096 2.098083e-05
4096 1.883507e-05
8192 2.789497e-05
8192 2.694130e-05
8192 2.694130e-05
8192 3.719330e-05
8192 2.598763e-05
8192 4.887581e-05
8192 2.717972e-05
8192 2.598763e-05
8192 2.694130e-05
8192 2.789497e-05
8192 2.694130e-05
8192 2.717972e-05
8192 2.694130e-05
8192 2.717972e-05
8192 3.314018e-05
8192 2.789497e-05
8192 2.694130e-05
8192 2.694130e-05
8192 2.694130e-05
8192 2.622604e-05
8192 2.694130e-05
8192 2.694130e-05
8192 2.694130e-05
8192 2.694130e-05
8192 2.694130e-05
8192 2.717972e-05
8192 2.717972e-05
8192 2.694130e-05
8192 2.694130e-05
8192 2.694130e-05
8192 2.694130e-05
8192 2.789497e-05
8192 2.694130e-05
8192 2.694130e-05
8192 2.789497e-05
8192 2.694130e-05
8192 2.694130e-05
8192 2.717972e-05
8192 3.504753e-05
8192 2.813339e-05
8192 2.813339e-05
8192 2.813339e-05
8192 2.694130e-05
8192 2.598763e-05
8192 2.694130e-05
8192 2.598763e-05
8192 2.694130e-05
8192 5.388260e-05
8192 2.717972e-05
8192 2.694130e-05
8192 2.598763e-05
8192 2.694130e-05
8192 2.598763e-05
8192 2.598763e-05
8192 2.789497e-05
8192 5.102158e-05
8192 2.694130e-05
8192 2.789497e-05
8192 2.694130e-05
8192 2.694130e-05
8192 2.694130e-05
8192 2.694130e-05
8192 2.694130e-05
8192 2.598763e-05
8192 2.598763e-05
8192 2.694130e-05
8192 2.598763e-05
8192 4.601479e-05
8192 2.598763e-05
8192 2.694130e-05
8192 2.717972e-05
8192 2.694130e-05
8192 2.694130e-05
8192 2.694130e-05
8192 2.694130e-05
8192 2.694130e-05
8192 2.717972e-05
8192 2.694130e-05
8192 2.694130e-05
8192 2.598763e-05
8192 3.290176e-05
8192 3.504753e-05
8192 2.717972e-05
8192 2.598763e-05
8192 2.694130e-05
8192 2.694130e-05
8192 2.694130e-05
8192 2.694130e-05
8192 2.694130e-05
8192 2.717972e-05
8192 2.694130e-05
8192 2.694130e-05
8192 2.694130e-05
8192 2.717972e-05
8192 4.506111e-05
8192 3.504753e-05
8192 5.006790e-05
8192 2.717972e-05
8192 2.694130e-05
8192 2.789497e-05
16384 4.410744e-05
16384 4.410744e-05
16384 4.291534e-05
16384 4.291534e-05
16384 4.386902e-05
16384 4.291534e-05
16384 4.291534e-05
16384 4.410744e-05
16384 4.291534e-05
16384 4.291534e-05
16384 4.291534e-05
16384 4.315376e-05
16384 4.315376e-05
16384 4.410744e-05
16384 4.315376e-05
16384 4.100800e-05
16384 4.291534e-05
16384 4.315376e-05
16384 4.220009e-05
16384 4.315376e-05
16384 4.291534e-05
16384 4.291534e-05
16384 4.291534e-05
16384 4.291534e-05
16384 4.315376e-05
16384 4.315376e-05
16384 4.291534e-05
16384 4.220009e-05
16384 4.291534e-05
16384 4.315376e-05
16384 4.315376e-05
16384 5.817413e-05
16384 4.220009e-05
16384 4.315376e-05
16384 4.291534e-05
16384 4.291534e-05
16384 4.196167e-05
16384 4.315376e-05
16384 4.196167e-05
16384 4.196167e-05
16384 4.220009e-05
16384 4.410744e-05
16384 4.315376e-05
16384 4.196167e-05
16384 6.699562e-05
16384 4.291534e-05
16384 4.196167e-05
16384 4.196167e-05
16384 4.196167e-05
16384 4.315376e-05
16384 4.315376e-05
16384 4.291534e-05
16384 4.291534e-05
16384 4.386902e-05
16384 4.291534e-05
16384 4.291534e-05
16384 4.291534e-05
16384 4.291534e-05
16384 4.291534e-05
16384 4.291534e-05
16384 4.196167e-05
16384 4.220009e-05
16384 4.220009e-05
16384 5.197525e-05
16384 4.196167e-05
16384 4.291534e-05
16384 4.291534e-05
16384 4.291534e-05
16384 4.291534e-05
16384 4.696846e-05
16384 4.196167e-05
16384 4.315376e-05
16384 4.315376e-05
16384 4.196167e-05
16384 4.315376e-05
16384 4.220009e-05
16384 4.196167e-05
16384 4.196167e-05
16384 4.291534e-05
16384 4.291534e-05
16384 4.196167e-05
16384 4.315376e-05
16384 4.601479e-05
16384 4.291534e-05
16384 4.315376e-05
16384 4.220009e-05
16384 4.315376e-05
16384 4.196167e-05
16384 4.410744e-05
16384 4.196167e-05
16384 4.315376e-05
16384 4.410744e-05
16384 4.220009e-05
16384 4.220009e-05
16384 4.315376e-05
16384 4.196167e-05
16384 4.386902e-05
16384 4.410744e-05
16384 4.315376e-05
16384 4.315376e-05
