1000 9.059906e-06
1000 9.059906e-06
1000 9.059906e-06
1000 9.059906e-06
1000 9.059906e-06
1000 9.059906e-06
1000 9.059906e-06
1000 9.059906e-06
1000 9.059906e-06
1000 9.059906e-06
1000 1.001358e-05
1000 8.821487e-06
1000 8.821487e-06
1000 8.821487e-06
1000 8.821487e-06
1000 9.059906e-06
1000 9.059906e-06
1000 9.059906e-06
1000 9.059906e-06
1000 1.001358e-05
1000 1.001358e-05
1000 1.001358e-05
1000 1.001358e-05
1000 1.001358e-05
1000 1.001358e-05
1000 8.821487e-06
1000 8.821487e-06
1000 8.821487e-06
1000 8.821487e-06
1000 9.059906e-06
1000 9.059906e-06
1000 9.059906e-06
1000 9.059906e-06
1000 9.059906e-06
1000 9.059906e-06
1000 9.059906e-06
1000 9.059906e-06
1000 9.059906e-06
1000 9.059906e-06
1000 1.001358e-05
1000 1.001358e-05
1000 1.001358e-05
1000 1.001358e-05
1000 9.775162e-06
1000 1.001358e-05
1000 1.001358e-05
1000 1.001358e-05
1000 9.059906e-06
1000 9.059906e-06
1000 9.059906e-06
1000 9.059906e-06
1000 9.059906e-06
1000 9.059906e-06
1000 9.059906e-06
1000 9.059906e-06
1000 9.059906e-06
1000 9.059906e-06
1000 8.821487e-06
1000 8.821487e-06
1000 1.001358e-05
1000 1.001358e-05
1000 1.001358e-05
1000 1.001358e-05
1000 1.001358e-05
1000 1.001358e-05
1000 1.001358e-05
1000 1.001358e-05
1000 1.001358e-05
1000 1.001358e-05
1000 9.059906e-06
1000 9.059906e-06
1000 8.821487e-06
1000 8.821487e-06
1000 8.821487e-06
1000 8.821487e-06
1000 9.059906e-06
1000 9.059906e-06
1000 9.059906e-06
1000 9.059906e-06
1000 9.059906e-06
1000 9.059906e-06
1000 9.059906e-06
1000 9.059906e-06
1000 1.001358e-05
1000 1.001358e-05
1000 1.001358e-05
1000 1.001358e-05
1000 1.001358e-05
1000 8.821487e-06
1000 9.059906e-06
1000 9.059906e-06
1000 9.059906e-06
1000 9.059906e-06
1000 9.059906e-06
1000 9.059906e-06
1000 9.059906e-06
1000 9.059906e-06
1000 9.059906e-06
1000 9.059906e-06
1000 9.059906e-06
10000 9.202957e-05
10000 9.083748e-05
10000 2.357960e-04
10000 1.399517e-04
10000 1.399517e-04
10000 1.399517e-04
10000 1.389980e-04
10000 1.399517e-04
10000 1.399517e-04
10000 1.389980e-04
10000 1.399517e-04
10000 1.399517e-04
10000 1.389980e-04
10000 1.399517e-04
10000 1.389980e-04
10000 1.399517e-04
10000 1.399517e-04
10000 1.389980e-04
10000 1.399517e-04
10000 1.399517e-04
10000 1.389980e-04
10000 1.399517e-04
10000 1.389980e-04
10000 1.401901e-04
10000 1.399517e-04
10000 1.389980e-04
10000 1.401901e-04
10000 1.399517e-04
10000 1.389980e-04
10000 1.621246e-04
10000 1.931190e-04
10000 1.888275e-04
10000 1.890659e-04
10000 1.888275e-04
10000 1.888275e-04
10000 1.888275e-04
10000 1.888275e-04
10000 1.888275e-04
10000 1.888275e-04
10000 1.897812e-04
10000 1.888275e-04
10000 1.897812e-04
10000 1.888275e-04
10000 1.888275e-04
10000 1.888275e-04
10000 1.888275e-04
10000 1.888275e-04
10000 1.888275e-04
10000 1.888275e-04
10000 1.888275e-04
10000 3.719330e-04
10000 9.107590e-05
10000 9.107590e-05
10000 9.107590e-05
10000 9.107590e-05
10000 9.083748e-05
10000 9.083748e-05
10000 9.107590e-05
10000 9.107590e-05
10000 9.107590e-05
10000 9.107590e-05
10000 9.202957e-05
10000 9.202957e-05
10000 9.202957e-05
10000 9.202957e-05
10000 9.179115e-05
10000 9.202957e-05
10000 9.202957e-05
10000 9.202957e-05
10000 9.202957e-05
10000 9.202957e-05
10000 9.202957e-05
10000 9.202957e-05
10000 9.179115e-05
10000 9.202957e-05
10000 9.107590e-05
10000 9.107590e-05
10000 9.107590e-05
10000 9.107590e-05
10000 9.083748e-05
10000 9.083748e-05
10000 9.083748e-05
10000 9.107590e-05
10000 9.107590e-05
10000 9.202957e-05
10000 9.202957e-05
10000 9.202957e-05
10000 9.202957e-05
10000 9.202957e-05
10000 9.083748e-05
10000 9.083748e-05
10000 1.060963e-04
10000 9.107590e-05
10000 9.107590e-05
10000 9.107590e-05
10000 9.107590e-05
10000 9.083748e-05
10000 9.083748e-05
10000 9.083748e-05
10000 9.107590e-05
100000000 9.537101e-01
100000000 9.570689e-01
100000000 9.549429e-01
100000000 9.297831e-01
100000000 9.377830e-01
100000000 9.311781e-01
100000000 9.341798e-01
100000000 9.656620e-01
100000000 9.700229e-01
100000000 9.355888e-01
100000000 9.551361e-01
100000000 9.337170e-01
100000000 9.441411e-01
100000000 9.147060e-01
100000000 9.654481e-01
100000000 9.602981e-01
100000000 9.540050e-01
100000000 9.660580e-01
100000000 9.638400e-01
100000000 9.620461e-01
100000000 9.618969e-01
100000000 9.642260e-01
100000000 9.604430e-01
100000000 9.592948e-01
100000000 9.597189e-01
100000000 9.585040e-01
100000000 9.222269e-01
100000000 9.429650e-01
100000000 9.218361e-01
100000000 9.346120e-01
100000000 9.576099e-01
100000000 9.435339e-01
100000000 9.668269e-01
100000000 9.284811e-01
100000000 9.387212e-01
100000000 9.366851e-01
100000000 9.368191e-01
100000000 9.297590e-01
100000000 9.288189e-01
100000000 9.189091e-01
100000000 9.322140e-01
100000000 9.304619e-01
100000000 9.478641e-01
100000000 9.245219e-01
100000000 9.368441e-01
100000000 9.180171e-01
100000000 9.510860e-01
100000000 9.329569e-01
100000000 9.423699e-01
100000000 9.373541e-01
100000000 9.669609e-01
100000000 9.288290e-01
100000000 9.505901e-01
100000000 9.667089e-01
100000000 9.653389e-01
100000000 9.629521e-01
100000000 9.662240e-01
100000000 9.569252e-01
100000000 9.659781e-01
100000000 9.653440e-01
100000000 9.663820e-01
100000000 9.546881e-01
100000000 9.389319e-01
100000000 9.468019e-01
100000000 9.675078e-01
100000000 9.437399e-01
100000000 9.425399e-01
100000000 9.488778e-01
100000000 9.593790e-01
100000000 9.503710e-01
100000000 9.669571e-01
100000000 9.662881e-01
100000000 9.369230e-01
100000000 9.641812e-01
100000000 9.645889e-01
100000000 9.263248e-01
100000000 9.669480e-01
100000000 9.673519e-01
100000000 9.675679e-01
100000000 9.672730e-01
100000000 9.536259e-01
100000000 9.186180e-01
100000000 9.533691e-01
100000000 9.400320e-01
100000000 9.547970e-01
100000000 9.553170e-01
100000000 9.672911e-01
100000000 9.613950e-01
100000000 9.452980e-01
100000000 9.625070e-01
100000000 9.654071e-01
100000000 9.677269e-01
100000000 9.558859e-01
100000000 9.394732e-01
100000000 9.681640e-01
100000000 9.436870e-01
100000000 9.364760e-01
100000000 9.269722e-01
100000000 9.505889e-01
100000000 9.323509e-01
