1000 7.211924e-03
1000 2.312660e-05
1000 1.287460e-05
1000 1.001358e-05
1000 3.240108e-04
1000 1.788139e-05
1000 1.192093e-05
1000 1.521111e-04
1000 8.821487e-06
1000 1.001358e-05
1000 1.096725e-05
1000 1.001358e-05
1000 9.775162e-06
1000 1.001358e-05
1000 3.840923e-04
1000 2.229214e-04
1000 3.004074e-05
1000 1.001358e-05
1000 1.192093e-05
1000 8.821487e-06
1000 9.059906e-06
1000 1.001358e-05
1000 8.821487e-06
1000 9.059906e-06
1000 8.821487e-06
1000 1.001358e-05
1000 9.059906e-06
1000 1.001358e-05
1000 1.001358e-05
1000 9.059906e-06
1000 1.001358e-05
1000 1.096725e-05
1000 1.001358e-05
1000 9.059906e-06
1000 1.001358e-05
1000 9.059906e-06
1000 8.821487e-06
1000 1.001358e-05
1000 9.059906e-06
1000 8.821487e-06
1000 1.001358e-05
1000 9.059906e-06
1000 9.059906e-06
1000 1.287460e-05
1000 1.001358e-05
1000 9.059906e-06
1000 9.059906e-06
1000 1.001358e-05
1000 1.096725e-05
1000 9.775162e-06
1000 1.096725e-05
1000 8.106232e-06
1000 9.059906e-06
1000 1.001358e-05
1000 8.821487e-06
1000 9.059906e-06
1000 9.059906e-06
1000 8.821487e-06
1000 1.001358e-05
1000 8.821487e-06
1000 9.059906e-06
1000 1.001358e-05
1000 9.059906e-06
1000 1.502037e-05
1000 9.775162e-06
1000 1.001358e-05
1000 1.001358e-05
1000 8.821487e-06
1000 9.059906e-06
1000 9.059906e-06
1000 9.059906e-06
1000 9.059906e-06
1000 9.059906e-06
1000 7.867813e-06
1000 1.001358e-05
1000 9.059906e-06
1000 9.059906e-06
1000 9.059906e-06
1000 1.001358e-05
1000 9.059906e-06
1000 1.001358e-05
1000 1.001358e-05
1000 1.001358e-05
1000 9.059906e-06
1000 1.001358e-05
1000 8.106232e-06
1000 8.821487e-06
1000 9.059906e-06
1000 1.001358e-05
1000 9.059906e-06
1000 9.059906e-06
1000 1.001358e-05
1000 9.059906e-06
1000 8.821487e-06
1000 1.001358e-05
1000 1.192093e-05
1000 3.290176e-05
1000 9.059906e-06
1000 1.096725e-05
1000 8.821487e-06
10000 3.099442e-05
10000 4.792213e-05
10000 3.099442e-05
10000 3.194809e-05
10000 3.099442e-05
10000 3.099442e-05
10000 3.409386e-05
10000 3.099442e-05
10000 3.004074e-05
10000 3.194809e-05
10000 3.099442e-05
10000 3.218651e-05
10000 3.218651e-05
10000 3.194809e-05
10000 3.194809e-05
10000 3.099442e-05
10000 3.194809e-05
10000 3.194809e-05
10000 3.099442e-05
10000 3.004074e-05
10000 3.218651e-05
10000 3.099442e-05
10000 3.194809e-05
10000 2.598763e-05
10000 3.004074e-05
10000 3.004074e-05
10000 3.194809e-05
10000 3.385544e-05
10000 3.194809e-05
10000 3.099442e-05
10000 3.504753e-05
10000 5.197525e-05
10000 3.099442e-05
10000 3.099442e-05
10000 3.099442e-05
10000 3.099442e-05
10000 3.099442e-05
10000 3.099442e-05
10000 3.099442e-05
10000 3.099442e-05
10000 3.099442e-05
10000 3.099442e-05
10000 3.194809e-05
10000 3.099442e-05
10000 3.290176e-05
10000 3.194809e-05
10000 3.099442e-05
10000 3.004074e-05
10000 3.194809e-05
10000 3.099442e-05
10000 3.099442e-05
10000 3.099442e-05
10000 3.004074e-05
10000 3.194809e-05
10000 4.386902e-05
10000 3.099442e-05
10000 3.600121e-05
10000 3.194809e-05
10000 4.291534e-05
10000 3.409386e-05
10000 3.099442e-05
10000 3.099442e-05
10000 3.194809e-05
10000 3.099442e-05
10000 5.412102e-05
10000 5.006790e-05
10000 3.099442e-05
10000 3.099442e-05
10000 3.218651e-05
10000 2.884865e-05
10000 3.099442e-05
10000 3.099442e-05
10000 3.099442e-05
10000 2.980232e-05
10000 3.099442e-05
10000 3.099442e-05
10000 4.100800e-05
10000 3.194809e-05
10000 3.004074e-05
10000 3.099442e-05
10000 3.194809e-05
10000 3.099442e-05
10000 3.099442e-05
10000 3.099442e-05
10000 3.194809e-05
10000 3.099442e-05
10000 3.194809e-05
10000 3.099442e-05
10000 3.290176e-05
10000 3.194809e-05
10000 3.099442e-05
10000 3.385544e-05
10000 3.099442e-05
10000 3.099442e-05
10000 3.194809e-05
10000 3.194809e-05
10000 3.385544e-05
10000 4.506111e-05
10000 3.099442e-05
10000 3.099442e-05
100000000 2.368848e-01
100000000 2.422600e-01
100000000 2.335868e-01
100000000 2.353051e-01
100000000 2.355311e-01
100000000 2.359769e-01
100000000 2.362759e-01
100000000 2.360871e-01
100000000 2.407830e-01
100000000 2.349000e-01
100000000 2.370570e-01
100000000 2.366641e-01
100000000 2.363741e-01
100000000 2.363799e-01
100000000 2.367418e-01
100000000 2.360859e-01
100000000 2.371790e-01
100000000 2.427869e-01
100000000 2.337801e-01
100000000 2.350399e-01
100000000 2.342911e-01
100000000 2.355790e-01
100000000 2.363522e-01
100000000 2.357810e-01
100000000 2.357531e-01
100000000 2.356880e-01
100000000 2.443111e-01
100000000 2.456670e-01
100000000 2.397630e-01
100000000 2.345431e-01
100000000 2.353549e-01
100000000 2.352688e-01
100000000 2.359898e-01
100000000 2.398751e-01
100000000 2.340031e-01
100000000 2.368121e-01
100000000 2.371619e-01
100000000 2.361240e-01
100000000 2.359121e-01
100000000 2.365649e-01
100000000 2.390530e-01
100000000 2.398162e-01
100000000 2.354760e-01
100000000 2.362871e-01
100000000 2.363100e-01
100000000 2.358549e-01
100000000 2.374959e-01
100000000 2.377160e-01
100000000 2.358539e-01
100000000 2.360990e-01
100000000 2.356150e-01
100000000 2.357790e-01
100000000 2.351439e-01
100000000 2.412248e-01
100000000 2.354419e-01
100000000 2.360029e-01
100000000 2.363241e-01
100000000 2.362680e-01
100000000 2.360439e-01
100000000 2.361331e-01
100000000 2.365789e-01
100000000 2.378311e-01
100000000 2.356710e-01
100000000 2.352951e-01
100000000 2.361660e-01
100000000 2.356219e-01
100000000 2.348890e-01
100000000 2.369819e-01
100000000 2.363060e-01
100000000 2.369931e-01
100000000 2.411671e-01
100000000 2.331870e-01
100000000 2.357349e-01
100000000 2.364159e-01
100000000 2.357421e-01
100000000 2.365119e-01
100000000 2.362468e-01
100000000 2.363000e-01
100000000 2.360950e-01
100000000 2.438440e-01
100000000 2.460570e-01
100000000 2.443390e-01
100000000 2.419920e-01
100000000 2.399700e-01
100000000 2.346530e-01
100000000 2.357562e-01
100000000 2.350500e-01
100000000 2.347200e-01
100000000 2.354898e-01
100000000 2.348602e-01
100000000 2.412119e-01
100000000 2.350490e-01
100000000 2.352672e-01
100000000 2.342000e-01
100000000 2.349730e-01
100000000 2.403510e-01
100000000 2.335689e-01
100000000 2.355390e-01
100000000 2.348199e-01
100000000 2.372320e-01
