1000 4.297018e-03
1000 5.817413e-05
1000 2.384186e-05
1000 3.886223e-05
1000 5.040169e-04
1000 1.692772e-05
1000 2.193451e-05
1000 2.193451e-05
1000 2.312660e-05
1000 2.098083e-05
1000 2.312660e-05
1000 2.098083e-05
1000 3.504753e-05
1000 4.005432e-05
1000 2.129078e-04
1000 9.200573e-04
1000 1.478195e-04
1000 1.990795e-04
1000 1.790524e-04
1000 9.298325e-05
1000 2.288818e-05
1000 5.698204e-05
1000 4.005432e-05
1000 2.002716e-05
1000 1.907349e-05
1000 2.002716e-05
1000 2.503395e-05
1000 1.978874e-05
1000 1.883507e-05
1000 6.508827e-05
1000 1.907349e-05
1000 1.907349e-05
1000 1.788139e-05
1000 1.788139e-05
1000 1.811981e-05
1000 2.598763e-05
1000 3.004074e-05
1000 3.099442e-05
1000 1.811981e-05
1000 1.788139e-05
1000 1.692772e-05
1000 2.312660e-05
1000 2.002716e-05
1000 1.907349e-05
1000 2.098083e-05
1000 8.010864e-05
1000 1.780987e-04
1000 1.690388e-04
1000 1.468658e-04
1000 1.261234e-04
1000 2.813339e-05
1000 1.788139e-05
1000 1.883507e-05
1000 1.811981e-05
1000 1.811981e-05
1000 6.604195e-05
1000 1.978874e-05
1000 2.980232e-05
1000 3.290176e-05
1000 3.099442e-05
1000 1.692772e-05
1000 3.409386e-05
1000 1.907349e-05
1000 1.907349e-05
1000 1.692772e-05
1000 1.811981e-05
1000 1.788139e-05
1000 1.597404e-05
1000 1.597404e-05
1000 1.811981e-05
1000 1.907349e-05
1000 2.884865e-05
1000 1.978874e-05
1000 1.692772e-05
1000 1.811981e-05
1000 1.907349e-05
1000 1.811981e-05
1000 3.504753e-05
1000 3.099442e-05
1000 1.907349e-05
1000 1.811981e-05
1000 1.788139e-05
1000 1.716614e-05
1000 2.098083e-05
1000 4.100800e-05
1000 1.907349e-05
1000 3.600121e-05
1000 3.409386e-05
1000 1.788139e-05
1000 2.098083e-05
1000 1.788139e-05
1000 2.908707e-05
1000 1.811981e-05
1000 2.002716e-05
1000 1.883507e-05
1000 1.692772e-05
1000 1.692772e-05
1000 1.788139e-05
1000 1.811981e-05
1000 3.504753e-05
10000 4.005432e-05
10000 2.598763e-05
10000 2.193451e-05
10000 4.792213e-05
10000 9.083748e-05
10000 2.617836e-04
10000 4.730225e-04
10000 7.119179e-04
10000 4.370213e-04
10000 1.890659e-04
10000 1.499653e-04
10000 9.298325e-05
10000 1.318455e-04
10000 2.908707e-05
10000 2.408028e-05
10000 3.409386e-05
10000 2.408028e-05
10000 2.288818e-05
10000 2.193451e-05
10000 2.408028e-05
10000 3.194809e-05
10000 3.600121e-05
10000 2.193451e-05
10000 2.288818e-05
10000 2.408028e-05
10000 2.694130e-05
10000 4.196167e-05
10000 2.288818e-05
10000 2.288818e-05
10000 3.576279e-05
10000 2.288818e-05
10000 2.288818e-05
10000 4.291534e-05
10000 2.312660e-05
10000 2.384186e-05
10000 2.312660e-05
10000 3.910065e-05
10000 2.312660e-05
10000 3.290176e-05
10000 2.884865e-05
10000 2.288818e-05
10000 2.312660e-05
10000 4.506111e-05
10000 2.408028e-05
10000 3.004074e-05
10000 4.601479e-05
10000 2.598763e-05
10000 4.911423e-05
10000 5.412102e-05
10000 2.598763e-05
10000 2.813339e-05
10000 2.789497e-05
10000 2.384186e-05
10000 4.100800e-05
10000 4.577637e-05
10000 2.598763e-05
10000 2.288818e-05
10000 2.288818e-05
10000 5.507469e-05
10000 2.408028e-05
10000 2.312660e-05
10000 4.100800e-05
10000 2.408028e-05
10000 2.503395e-05
10000 4.506111e-05
10000 2.408028e-05
10000 3.910065e-05
10000 2.312660e-05
10000 2.503395e-05
10000 2.503395e-05
10000 3.385544e-05
10000 3.504753e-05
10000 3.814697e-05
10000 4.410744e-05
10000 2.479553e-05
10000 3.314018e-05
10000 5.292892e-05
10000 3.695488e-05
10000 3.814697e-05
10000 3.004074e-05
10000 2.908707e-05
10000 2.312660e-05
10000 3.910065e-05
10000 2.312660e-05
10000 4.696846e-05
10000 3.409386e-05
10000 2.312660e-05
10000 2.408028e-05
10000 4.410744e-05
10000 4.196167e-05
10000 2.408028e-05
10000 2.598763e-05
10000 3.910065e-05
10000 2.884865e-05
10000 2.408028e-05
10000 1.130104e-04
10000 2.408028e-05
10000 2.288818e-05
10000 4.410744e-05
10000 2.908707e-05
100000000 6.007195e-02
100000000 5.982113e-02
100000000 5.950308e-02
100000000 5.969715e-02
100000000 5.988598e-02
100000000 5.966902e-02
100000000 5.960488e-02
100000000 5.949783e-02
100000000 5.978894e-02
100000000 5.965710e-02
100000000 5.944490e-02
100000000 5.955100e-02
100000000 5.962682e-02
100000000 5.963898e-02
100000000 5.932307e-02
100000000 5.994415e-02
100000000 5.984592e-02
100000000 5.984807e-02
100000000 5.967712e-02
100000000 6.046200e-02
100000000 5.964899e-02
100000000 5.950713e-02
100000000 6.001496e-02
100000000 6.056118e-02
100000000 5.998898e-02
100000000 5.961013e-02
100000000 5.959415e-02
100000000 6.030107e-02
100000000 5.972600e-02
100000000 5.945110e-02
100000000 5.956697e-02
100000000 6.083703e-02
100000000 6.035614e-02
100000000 6.043696e-02
100000000 6.309509e-02
100000000 5.950093e-02
100000000 5.965590e-02
100000000 5.937505e-02
100000000 6.014013e-02
100000000 5.948806e-02
100000000 6.001711e-02
100000000 6.048298e-02
100000000 5.972385e-02
100000000 6.008005e-02
100000000 5.954695e-02
100000000 6.028295e-02
100000000 5.959511e-02
100000000 5.958509e-02
100000000 6.049395e-02
100000000 5.967283e-02
100000000 5.947185e-02
100000000 5.942512e-02
100000000 6.059313e-02
100000000 5.983901e-02
100000000 5.969310e-02
100000000 5.955887e-02
100000000 6.002402e-02
100000000 5.964398e-02
100000000 5.996704e-02
100000000 5.982900e-02
100000000 6.025791e-02
100000000 5.986094e-02
100000000 5.949616e-02
100000000 5.985713e-02
100000000 6.035900e-02
100000000 5.972600e-02
100000000 5.941200e-02
100000000 6.114197e-02
100000000 6.054401e-02
100000000 6.058097e-02
100000000 6.290913e-02
100000000 6.128001e-02
100000000 6.020403e-02
100000000 6.068516e-02
100000000 6.541800e-02
100000000 6.020904e-02
100000000 6.044817e-02
100000000 6.145501e-02
100000000 6.043100e-02
100000000 5.961609e-02
100000000 5.970502e-02
100000000 6.380796e-02
100000000 6.174183e-02
100000000 6.214595e-02
100000000 5.976105e-02
100000000 6.027293e-02
100000000 5.972910e-02
100000000 5.944610e-02
100000000 5.960083e-02
100000000 6.003189e-02
100000000 5.965090e-02
100000000 6.006598e-02
100000000 6.046104e-02
100000000 5.969405e-02
100000000 5.936313e-02
100000000 5.997300e-02
100000000 6.207609e-02
100000000 6.065106e-02
100000000 5.959702e-02
100000000 5.981493e-02
