65536 3.108978e-04
65536 2.980232e-04
65536 2.951622e-04
65536 2.939701e-04
65536 2.939701e-04
65536 2.977848e-04
65536 2.939701e-04
65536 2.951622e-04
65536 2.949238e-04
65536 2.939701e-04
65536 2.939701e-04
65536 2.939701e-04
65536 3.249645e-04
65536 2.980232e-04
65536 2.930164e-04
65536 2.942085e-04
65536 2.958775e-04
65536 2.920628e-04
65536 2.930164e-04
65536 2.930164e-04
65536 2.918243e-04
65536 2.930164e-04
65536 2.930164e-04
65536 2.930164e-04
65536 2.930164e-04
65536 2.930164e-04
65536 3.039837e-04
65536 2.939701e-04
65536 2.920628e-04
65536 2.920628e-04
65536 2.930164e-04
65536 2.930164e-04
65536 2.930164e-04
65536 2.939701e-04
65536 2.927780e-04
65536 2.930164e-04
65536 2.939701e-04
65536 2.927780e-04
65536 2.939701e-04
65536 3.061295e-04
65536 2.930164e-04
65536 2.918243e-04
65536 2.930164e-04
65536 2.930164e-04
65536 2.942085e-04
65536 2.930164e-04
65536 2.920628e-04
65536 3.170967e-04
65536 3.271103e-04
65536 3.271103e-04
65536 3.280640e-04
65536 3.271103e-04
65536 3.361702e-04
65536 3.280640e-04
65536 3.261566e-04
65536 3.259182e-04
65536 3.190041e-04
65536 2.930164e-04
65536 2.939701e-04
65536 2.930164e-04
65536 2.920628e-04
65536 3.259182e-04
65536 3.249645e-04
65536 3.261566e-04
65536 3.261566e-04
65536 3.731251e-04
65536 3.271103e-04
65536 3.271103e-04
65536 3.249645e-04
65536 3.278255e-04
65536 3.068447e-04
65536 2.930164e-04
65536 2.939701e-04
65536 2.927780e-04
65536 3.068447e-04
65536 3.330708e-04
65536 3.278255e-04
65536 3.418922e-04
65536 3.271103e-04
65536 3.280640e-04
65536 3.237724e-04
65536 3.280640e-04
65536 3.259182e-04
65536 3.278255e-04
65536 2.920628e-04
65536 2.930164e-04
65536 2.920628e-04
65536 2.942085e-04
65536 3.190041e-04
65536 3.261566e-04
65536 3.581047e-04
65536 3.261566e-04
65536 3.271103e-04
65536 3.259182e-04
65536 3.268719e-04
65536 3.268719e-04
65536 3.268719e-04
65536 3.159046e-04
65536 2.930164e-04
65536 2.930164e-04
131072 5.829334e-04
131072 6.639957e-04
131072 6.511211e-04
131072 6.508827e-04
131072 6.518364e-04
131072 6.430149e-04
131072 5.841255e-04
131072 5.939007e-04
131072 6.549358e-04
131072 6.530285e-04
131072 6.499290e-04
131072 6.530285e-04
131072 6.411076e-04
131072 5.991459e-04
131072 5.850792e-04
131072 6.611347e-04
131072 6.530285e-04
131072 6.539822e-04
131072 6.499290e-04
131072 6.427765e-04
131072 5.929470e-04
131072 5.822182e-04
131072 6.580353e-04
131072 6.511211e-04
131072 6.511211e-04
131072 6.499290e-04
131072 6.468296e-04
131072 5.838871e-04
131072 5.829334e-04
131072 6.589890e-04
131072 6.518364e-04
131072 6.518364e-04
131072 6.999969e-04
131072 6.351471e-04
131072 5.841255e-04
131072 5.960464e-04
131072 6.649494e-04
131072 6.530285e-04
131072 6.649494e-04
131072 6.508827e-04
131072 6.370544e-04
131072 5.829334e-04
131072 5.958080e-04
131072 6.499290e-04
131072 6.489754e-04
131072 6.649494e-04
131072 6.520748e-04
131072 6.289482e-04
131072 5.838871e-04
131072 5.991459e-04
131072 6.511211e-04
131072 6.611347e-04
131072 6.511211e-04
131072 6.499290e-04
131072 6.358624e-04
131072 5.829334e-04
131072 5.970001e-04
131072 6.618500e-04
131072 6.520748e-04
131072 6.511211e-04
131072 6.539822e-04
131072 5.970001e-04
131072 5.869865e-04
131072 5.831718e-04
131072 6.549358e-04
131072 6.520748e-04
131072 6.530285e-04
131072 6.511211e-04
131072 6.539822e-04
131072 5.970001e-04
131072 5.919933e-04
131072 6.341934e-04
131072 6.520748e-04
131072 6.520748e-04
131072 6.511211e-04
131072 6.539822e-04
131072 6.208420e-04
131072 5.829334e-04
131072 6.341934e-04
131072 6.489754e-04
131072 6.530285e-04
131072 6.520748e-04
131072 6.530285e-04
131072 6.160736e-04
131072 5.829334e-04
131072 6.320477e-04
131072 6.520748e-04
131072 6.508827e-04
131072 6.511211e-04
131072 6.620884e-04
131072 5.941391e-04
131072 5.860329e-04
131072 6.299019e-04
131072 6.508827e-04
131072 6.518364e-04
131072 6.599426e-04
131072 6.520748e-04
131072 5.998611e-04
131072 5.838871e-04
131072 6.308556e-04
262144 1.317024e-03
262144 1.302958e-03
262144 1.179934e-03
262144 1.280069e-03
262144 1.309872e-03
262144 1.246929e-03
262144 1.214981e-03
262144 1.311064e-03
262144 1.301050e-03
262144 1.178026e-03
262144 1.312971e-03
262144 1.306057e-03
262144 1.244068e-03
262144 1.240015e-03
262144 1.298904e-03
262144 1.194000e-03
262144 1.196146e-03
262144 1.299143e-03
262144 1.298904e-03
262144 1.219988e-03
262144 1.250029e-03
262144 1.300097e-03
262144 1.285076e-03
262144 1.185179e-03
262144 1.312017e-03
262144 1.297951e-03
262144 1.225948e-03
262144 1.241207e-03
262144 1.300097e-03
262144 1.300097e-03
262144 1.167059e-03
262144 1.309156e-03
262144 1.320124e-03
262144 1.230955e-03
262144 1.235008e-03
262144 1.307964e-03
262144 1.313925e-03
262144 1.167059e-03
262144 1.302958e-03
262144 1.304150e-03
262144 1.256943e-03
262144 1.224995e-03
262144 1.319170e-03
262144 1.313925e-03
262144 1.168966e-03
262144 1.303196e-03
262144 1.306057e-03
262144 1.247883e-03
262144 1.224041e-03
262144 1.298904e-03
262144 1.307964e-03
262144 1.186132e-03
262144 1.281023e-03
262144 1.302958e-03
262144 1.266956e-03
262144 1.207829e-03
262144 1.303911e-03
262144 1.312017e-03
262144 1.190901e-03
262144 1.271963e-03
262144 1.310110e-03
262144 1.266956e-03
262144 1.201868e-03
262144 1.298904e-03
262144 1.320124e-03
262144 1.199961e-03
262144 1.267910e-03
262144 1.307011e-03
262144 1.267195e-03
262144 1.198053e-03
262144 1.307964e-03
262144 1.299143e-03
262144 1.202106e-03
262144 1.266003e-03
262144 1.299858e-03
262144 1.275778e-03
262144 1.199961e-03
262144 1.301050e-03
262144 1.296997e-03
262144 1.212120e-03
262144 1.248121e-03
262144 1.299143e-03
262144 1.286983e-03
262144 1.185179e-03
262144 1.301050e-03
262144 1.308203e-03
262144 1.226902e-03
262144 1.243830e-03
262144 1.298904e-03
262144 1.295805e-03
262144 1.163960e-03
262144 1.303911e-03
262144 1.311064e-03
262144 1.230955e-03
262144 1.229048e-03
262144 1.307011e-03
262144 1.297951e-03
262144 1.168013e-03
262144 1.307011e-03
262144 1.298189e-03
524288 2.464056e-03
524288 2.608061e-03
524288 2.461910e-03
524288 2.544165e-03
524288 2.516031e-03
524288 2.485991e-03
524288 2.573013e-03
524288 2.462149e-03
524288 2.604008e-03
524288 2.460003e-03
524288 2.574921e-03
524288 2.487898e-03
524288 2.511024e-03
524288 2.552032e-03
524288 2.454996e-03
524288 2.605915e-03
524288 2.461910e-03
524288 2.585888e-03
524288 2.480030e-03
524288 2.533197e-03
524288 2.538919e-03
524288 2.465010e-03
524288 2.618074e-03
524288 2.494097e-03
524288 2.640009e-03
524288 2.496004e-03
524288 2.557993e-03
524288 2.537012e-03
524288 2.482891e-03
524288 2.591133e-03
524288 2.470970e-03
524288 2.568960e-03
524288 2.389193e-03
524288 2.517939e-03
524288 2.526999e-03
524288 2.472162e-03
524288 2.596140e-03
524288 2.465010e-03
524288 2.608061e-03
524288 2.452850e-03
524288 2.565861e-03
524288 2.500057e-03
524288 2.506018e-03
524288 2.567053e-03
524288 2.462864e-03
524288 2.605915e-03
524288 2.470970e-03
524288 2.582073e-03
524288 2.489090e-03
524288 2.525091e-03
524288 2.546072e-03
524288 2.471209e-03
524288 2.604961e-03
524288 2.486944e-03
524288 2.609015e-03
524288 2.463102e-03
524288 2.554893e-03
524288 2.527952e-03
524288 2.482176e-03
524288 2.593040e-03
524288 2.463102e-03
524288 2.609015e-03
524288 2.461910e-03
524288 2.547979e-03
524288 2.512932e-03
524288 2.496958e-03
524288 2.569199e-03
524288 2.464056e-03
524288 2.604008e-03
524288 2.454042e-03
524288 2.578974e-03
524288 2.488136e-03
524288 2.515078e-03
524288 2.556086e-03
524288 2.465010e-03
524288 2.596855e-03
524288 2.466917e-03
524288 2.591848e-03
524288 2.474785e-03
524288 2.526999e-03
524288 2.542973e-03
524288 2.493858e-03
524288 2.607107e-03
524288 2.462864e-03
524288 2.599955e-03
524288 2.468824e-03
524288 2.529860e-03
524288 2.521992e-03
524288 2.471924e-03
524288 2.599001e-03
524288 2.463102e-03
524288 2.605915e-03
524288 2.460957e-03
524288 2.537966e-03
524288 2.521038e-03
524288 2.470970e-03
524288 2.583981e-03
524288 2.454042e-03
524288 2.593994e-03
524288 2.447844e-03
1048576 5.060911e-03
1048576 5.052805e-03
1048576 5.055904e-03
1048576 5.030870e-03
1048576 4.992962e-03
1048576 5.002022e-03
1048576 5.047798e-03
1048576 5.060911e-03
1048576 5.053043e-03
1048576 5.064011e-03
1048576 5.000830e-03
1048576 4.658937e-03
1048576 4.662037e-03
1048576 4.898787e-03
1048576 4.695892e-03
1048576 4.893064e-03
1048576 4.656076e-03
1048576 4.664898e-03
1048576 4.895926e-03
1048576 4.663944e-03
1048576 4.657030e-03
1048576 4.890203e-03
1048576 4.648924e-03
1048576 4.736900e-03
1048576 4.818916e-03
1048576 4.663944e-03
1048576 4.806995e-03
1048576 4.726887e-03
1048576 4.675865e-03
1048576 4.860878e-03
1048576 4.734993e-03
1048576 4.671097e-03
1048576 4.896164e-03
1048576 4.681110e-03
1048576 4.663944e-03
1048576 4.931927e-03
1048576 4.663229e-03
1048576 4.668951e-03
1048576 4.904032e-03
1048576 4.672050e-03
1048576 4.698992e-03
1048576 4.884958e-03
1048576 4.683971e-03
1048576 4.672050e-03
1048576 4.940987e-03
1048576 4.685879e-03
1048576 4.692793e-03
1048576 4.899025e-03
1048576 4.675150e-03
1048576 4.662991e-03
1048576 4.891872e-03
1048576 4.703045e-03
1048576 4.856825e-03
1048576 4.728079e-03
1048576 4.683971e-03
1048576 4.919052e-03
1048576 4.650116e-03
1048576 4.661083e-03
1048576 4.808187e-03
1048576 4.729033e-03
1048576 4.713058e-03
1048576 4.856110e-03
1048576 4.749060e-03
1048576 4.691124e-03
1048576 4.853964e-03
1048576 4.730940e-03
1048576 4.678011e-03
1048576 4.847050e-03
1048576 4.729033e-03
1048576 4.684210e-03
1048576 4.793882e-03
1048576 4.760981e-03
1048576 4.688025e-03
1048576 4.777908e-03
1048576 4.802942e-03
1048576 4.676104e-03
1048576 4.738092e-03
1048576 4.858017e-03
1048576 4.673004e-03
1048576 4.704952e-03
1048576 4.867792e-03
1048576 4.685879e-03
1048576 4.737854e-03
1048576 4.854918e-03
1048576 4.667997e-03
1048576 4.788160e-03
1048576 4.793882e-03
1048576 4.663944e-03
1048576 4.808187e-03
1048576 4.776001e-03
1048576 4.666805e-03
1048576 4.824877e-03
1048576 4.747868e-03
1048576 4.690886e-03
1048576 4.832983e-03
1048576 4.728079e-03
1048576 4.685163e-03
1048576 4.896164e-03
1048576 4.688025e-03
1048576 4.674911e-03
