65536 3.139973e-04
65536 2.939701e-04
65536 2.930164e-04
65536 2.942085e-04
65536 2.939701e-04
65536 2.968311e-04
65536 3.330708e-04
65536 3.271103e-04
65536 3.600121e-04
65536 3.280640e-04
65536 3.280640e-04
65536 3.349781e-04
65536 2.942085e-04
65536 2.930164e-04
65536 2.930164e-04
65536 2.951622e-04
65536 2.951622e-04
65536 2.949238e-04
65536 2.908707e-04
65536 2.939701e-04
65536 3.259182e-04
65536 3.378391e-04
65536 3.259182e-04
65536 3.268719e-04
65536 3.252029e-04
65536 3.280640e-04
65536 3.130436e-04
65536 2.930164e-04
65536 2.930164e-04
65536 2.930164e-04
65536 2.930164e-04
65536 2.939701e-04
65536 2.939701e-04
65536 2.939701e-04
65536 3.240108e-04
65536 3.249645e-04
65536 3.271103e-04
65536 3.261566e-04
65536 3.259182e-04
65536 3.249645e-04
65536 3.321171e-04
65536 2.961159e-04
65536 2.920628e-04
65536 2.930164e-04
65536 2.930164e-04
65536 2.939701e-04
65536 3.139973e-04
65536 2.930164e-04
65536 2.930164e-04
65536 3.299713e-04
65536 3.259182e-04
65536 3.268719e-04
65536 3.271103e-04
65536 3.261566e-04
65536 3.299713e-04
65536 3.149509e-04
65536 2.930164e-04
65536 2.920628e-04
65536 2.930164e-04
65536 3.130436e-04
65536 2.942085e-04
65536 2.930164e-04
65536 2.920628e-04
65536 3.130436e-04
65536 3.271103e-04
65536 3.271103e-04
65536 3.271103e-04
65536 3.261566e-04
65536 3.268719e-04
65536 3.340244e-04
65536 2.920628e-04
65536 2.930164e-04
65536 3.128052e-04
65536 2.930164e-04
65536 2.930164e-04
65536 2.930164e-04
65536 2.930164e-04
65536 2.920628e-04
65536 3.280640e-04
65536 3.261566e-04
65536 3.261566e-04
65536 3.259182e-04
65536 3.268719e-04
65536 3.259182e-04
65536 3.180504e-04
65536 3.149509e-04
65536 2.911091e-04
65536 2.920628e-04
65536 2.918243e-04
65536 2.930164e-04
65536 2.908707e-04
65536 2.920628e-04
65536 3.089905e-04
65536 3.271103e-04
65536 3.261566e-04
65536 3.259182e-04
65536 3.268719e-04
65536 3.390312e-04
65536 3.280640e-04
65536 2.939701e-04
131072 5.831718e-04
131072 5.841255e-04
131072 5.819798e-04
131072 6.170273e-04
131072 6.489754e-04
131072 6.611347e-04
131072 6.411076e-04
131072 5.819798e-04
131072 5.831718e-04
131072 5.829334e-04
131072 5.970001e-04
131072 6.709099e-04
131072 6.787777e-04
131072 6.589890e-04
131072 5.881786e-04
131072 5.810261e-04
131072 5.850792e-04
131072 5.850792e-04
131072 6.649494e-04
131072 6.499290e-04
131072 6.608963e-04
131072 6.110668e-04
131072 5.888939e-04
131072 5.819798e-04
131072 6.251335e-04
131072 6.330013e-04
131072 6.520748e-04
131072 6.530285e-04
131072 6.251335e-04
131072 5.850792e-04
131072 5.829334e-04
131072 6.058216e-04
131072 6.129742e-04
131072 6.518364e-04
131072 6.508827e-04
131072 6.468296e-04
131072 5.838871e-04
131072 5.981922e-04
131072 5.850792e-04
131072 5.860329e-04
131072 6.618500e-04
131072 6.527901e-04
131072 6.539822e-04
131072 6.008148e-04
131072 5.989075e-04
131072 5.841255e-04
131072 5.819798e-04
131072 6.330013e-04
131072 6.549358e-04
131072 6.530285e-04
131072 6.411076e-04
131072 5.841255e-04
131072 5.850792e-04
131072 5.850792e-04
131072 6.101131e-04
131072 6.511211e-04
131072 6.749630e-04
131072 6.399155e-04
131072 5.850792e-04
131072 5.850792e-04
131072 5.829334e-04
131072 5.841255e-04
131072 6.561279e-04
131072 6.639957e-04
131072 6.580353e-04
131072 5.989075e-04
131072 5.829334e-04
131072 5.829334e-04
131072 5.838871e-04
131072 6.551743e-04
131072 6.511211e-04
131072 6.511211e-04
131072 6.220341e-04
131072 5.841255e-04
131072 5.829334e-04
131072 5.829334e-04
131072 6.430149e-04
131072 6.561279e-04
131072 6.520748e-04
131072 6.411076e-04
131072 5.831718e-04
131072 5.848408e-04
131072 5.979538e-04
131072 5.829334e-04
131072 6.611347e-04
131072 6.511211e-04
131072 6.530285e-04
131072 5.960464e-04
131072 5.829334e-04
131072 5.960464e-04
131072 5.841255e-04
131072 6.370544e-04
131072 6.501675e-04
131072 6.508827e-04
131072 6.208420e-04
131072 5.989075e-04
131072 5.848408e-04
131072 5.838871e-04
131072 6.139278e-04
131072 6.551743e-04
262144 1.296997e-03
262144 1.177788e-03
262144 1.169920e-03
262144 1.309872e-03
262144 1.260996e-03
262144 1.167059e-03
262144 1.219988e-03
262144 1.310825e-03
262144 1.204967e-03
262144 1.166105e-03
262144 1.270771e-03
262144 1.291990e-03
262144 1.168966e-03
262144 1.176119e-03
262144 1.314878e-03
262144 1.240969e-03
262144 1.166105e-03
262144 1.240015e-03
262144 1.299858e-03
262144 1.197815e-03
262144 1.184940e-03
262144 1.262188e-03
262144 1.297951e-03
262144 1.181841e-03
262144 1.165867e-03
262144 1.305819e-03
262144 1.273870e-03
262144 1.163960e-03
262144 1.207113e-03
262144 1.303911e-03
262144 1.220942e-03
262144 1.170158e-03
262144 1.249075e-03
262144 1.319170e-03
262144 1.162052e-03
262144 1.171112e-03
262144 1.303911e-03
262144 1.261950e-03
262144 1.163006e-03
262144 1.198053e-03
262144 1.302958e-03
262144 1.214981e-03
262144 1.168966e-03
262144 1.260042e-03
262144 1.302958e-03
262144 1.178026e-03
262144 1.176834e-03
262144 1.280069e-03
262144 1.268864e-03
262144 1.170158e-03
262144 1.192093e-03
262144 1.297951e-03
262144 1.246929e-03
262144 1.170158e-03
262144 1.224041e-03
262144 1.299858e-03
262144 1.210928e-03
262144 1.163960e-03
262144 1.266956e-03
262144 1.300097e-03
262144 1.163006e-03
262144 1.181841e-03
262144 1.312971e-03
262144 1.240969e-03
262144 1.167059e-03
262144 1.216888e-03
262144 1.308918e-03
262144 1.196861e-03
262144 1.168966e-03
262144 1.271963e-03
262144 1.300812e-03
262144 1.168013e-03
262144 1.174927e-03
262144 1.307011e-03
262144 1.268148e-03
262144 1.187086e-03
262144 1.223087e-03
262144 1.322031e-03
262144 1.223803e-03
262144 1.182079e-03
262144 1.272917e-03
262144 1.302004e-03
262144 1.183987e-03
262144 1.169920e-03
262144 1.307964e-03
262144 1.266003e-03
262144 1.169205e-03
262144 1.215935e-03
262144 1.313925e-03
262144 1.206875e-03
262144 1.156807e-03
262144 1.270056e-03
262144 1.298904e-03
262144 1.167059e-03
262144 1.168013e-03
262144 1.321077e-03
262144 1.262188e-03
262144 1.187086e-03
262144 1.228094e-03
262144 1.299143e-03
524288 2.381086e-03
524288 2.560139e-03
524288 2.341032e-03
524288 2.588034e-03
524288 2.369881e-03
524288 2.532005e-03
524288 2.414942e-03
524288 2.489805e-03
524288 2.468824e-03
524288 2.421856e-03
524288 2.506018e-03
524288 2.390146e-03
524288 2.555132e-03
524288 2.356052e-03
524288 2.555132e-03
524288 2.362967e-03
524288 2.552032e-03
524288 2.397060e-03
524288 2.507925e-03
524288 2.438068e-03
524288 2.462864e-03
524288 2.500057e-03
524288 2.403975e-03
524288 2.547979e-03
524288 2.363920e-03
524288 2.561808e-03
524288 2.334833e-03
524288 2.559900e-03
524288 2.399921e-03
524288 2.522945e-03
524288 2.413034e-03
524288 2.477169e-03
524288 2.459049e-03
524288 2.442122e-03
524288 2.514124e-03
524288 2.373934e-03
524288 2.547979e-03
524288 2.348900e-03
524288 2.568960e-03
524288 2.367973e-03
524288 2.527952e-03
524288 2.407074e-03
524288 2.500057e-03
524288 2.442837e-03
524288 2.454042e-03
524288 2.480030e-03
524288 2.426147e-03
524288 2.550125e-03
524288 2.372980e-03
524288 2.569199e-03
524288 2.358913e-03
524288 2.573967e-03
524288 2.405167e-03
524288 2.500057e-03
524288 2.433062e-03
524288 2.470970e-03
524288 2.475977e-03
524288 2.412796e-03
524288 2.510071e-03
524288 2.390146e-03
524288 2.578974e-03
524288 2.338171e-03
524288 2.566099e-03
524288 2.367973e-03
524288 2.522945e-03
524288 2.443075e-03
524288 2.458811e-03
524288 2.463818e-03
524288 2.447844e-03
524288 2.493858e-03
524288 2.397060e-03
524288 2.534866e-03
524288 2.361059e-03
524288 2.569914e-03
524288 2.341986e-03
524288 2.540112e-03
524288 2.391100e-03
524288 2.506971e-03
524288 2.443790e-03
524288 2.465010e-03
524288 2.482891e-03
524288 2.426147e-03
524288 2.511978e-03
524288 2.388000e-03
524288 2.552032e-03
524288 2.351999e-03
524288 2.572060e-03
524288 2.368212e-03
524288 2.528906e-03
524288 2.398968e-03
524288 2.484083e-03
524288 2.458096e-03
524288 2.439976e-03
524288 2.496004e-03
524288 2.403021e-03
524288 2.528906e-03
524288 2.371073e-03
524288 2.557039e-03
524288 2.349138e-03
524288 2.571106e-03
1048576 4.902124e-03
1048576 4.905939e-03
1048576 4.892826e-03
1048576 4.904032e-03
1048576 4.946947e-03
1048576 4.963875e-03
1048576 4.944086e-03
1048576 4.942894e-03
1048576 4.951954e-03
1048576 4.966021e-03
1048576 4.920006e-03
1048576 4.891872e-03
1048576 4.901886e-03
1048576 4.899025e-03
1048576 4.886150e-03
1048576 4.888058e-03
1048576 4.892111e-03
1048576 4.899025e-03
1048576 4.931927e-03
1048576 4.920006e-03
1048576 4.931211e-03
1048576 4.954100e-03
1048576 4.955053e-03
1048576 4.914999e-03
1048576 4.900932e-03
1048576 4.908085e-03
1048576 4.898787e-03
1048576 4.890919e-03
1048576 4.903793e-03
1048576 4.888058e-03
1048576 4.909992e-03
1048576 4.931927e-03
1048576 4.917145e-03
1048576 4.920006e-03
1048576 4.962921e-03
1048576 4.959822e-03
1048576 4.913807e-03
1048576 4.893064e-03
1048576 4.912853e-03
1048576 4.893064e-03
1048576 4.901886e-03
1048576 4.889011e-03
1048576 4.897118e-03
1048576 4.908085e-03
1048576 4.918814e-03
1048576 4.940033e-03
1048576 4.940033e-03
1048576 4.961967e-03
1048576 4.952908e-03
1048576 4.913092e-03
1048576 4.879951e-03
1048576 4.912138e-03
1048576 4.891157e-03
1048576 4.897118e-03
1048576 4.895926e-03
1048576 4.896879e-03
1048576 4.916906e-03
1048576 4.930973e-03
1048576 4.930019e-03
1048576 4.920959e-03
1048576 4.938126e-03
1048576 4.926920e-03
1048576 4.897118e-03
1048576 4.891872e-03
1048576 4.926920e-03
1048576 4.935026e-03
1048576 4.920959e-03
1048576 4.887104e-03
1048576 4.873037e-03
1048576 4.963160e-03
1048576 4.951000e-03
1048576 4.941940e-03
1048576 4.929066e-03
1048576 4.941940e-03
1048576 4.900217e-03
1048576 4.891872e-03
1048576 4.899979e-03
1048576 4.887104e-03
1048576 4.901171e-03
1048576 4.894018e-03
1048576 4.887104e-03
1048576 4.931927e-03
1048576 4.943132e-03
1048576 4.911900e-03
1048576 4.916906e-03
1048576 4.936218e-03
1048576 4.899979e-03
1048576 4.871130e-03
1048576 4.860163e-03
1048576 4.877090e-03
1048576 4.879951e-03
1048576 4.878998e-03
1048576 4.876137e-03
1048576 4.884958e-03
1048576 4.918098e-03
1048576 4.939079e-03
1048576 4.949093e-03
1048576 4.904985e-03
1048576 4.915953e-03
1048576 4.890919e-03
