1000 1.874590e-02
1000 6.921291e-04
1000 5.300045e-04
1000 5.099773e-04
1000 8.490086e-04
1000 6.000996e-04
1000 6.539822e-04
1000 6.589890e-04
1000 7.507801e-04
1000 7.030964e-04
1000 6.940365e-04
1000 8.010864e-04
1000 8.959770e-04
1000 1.013041e-03
1000 1.168966e-03
1000 1.403093e-03
1000 9.238720e-04
1000 8.189678e-04
1000 6.959438e-04
1000 7.369518e-04
1000 7.328987e-04
1000 9.939671e-04
1000 6.649494e-04
1000 5.090237e-04
1000 5.590916e-04
1000 5.018711e-04
1000 4.081726e-04
1000 4.010201e-04
1000 4.749298e-04
1000 3.318787e-04
1000 2.760887e-04
1000 2.410412e-04
1000 1.888275e-04
1000 1.938343e-04
1000 9.799004e-05
1000 8.511543e-05
1000 8.511543e-05
1000 9.393692e-05
1000 8.392334e-05
1000 5.698204e-05
1000 6.198883e-05
1000 4.196167e-05
1000 4.410744e-05
1000 2.384186e-05
1000 5.412102e-05
1000 2.598763e-05
1000 1.907349e-05
1000 1.621246e-05
1000 2.193451e-05
1000 1.502037e-05
1000 1.907349e-05
1000 3.385544e-05
1000 1.907349e-05
1000 2.193451e-05
1000 1.597404e-05
1000 2.002716e-05
1000 3.600121e-05
1000 1.716614e-05
1000 1.692772e-05
1000 2.002716e-05
1000 4.196167e-05
1000 2.717972e-05
1000 2.002716e-05
1000 3.600121e-05
1000 2.098083e-05
1000 2.098083e-05
1000 3.910065e-05
1000 3.314018e-05
1000 2.193451e-05
1000 3.409386e-05
1000 1.502037e-05
1000 1.502037e-05
1000 1.692772e-05
1000 1.692772e-05
1000 2.193451e-05
1000 2.598763e-05
1000 1.811981e-05
1000 6.103516e-05
1000 2.408028e-05
1000 3.695488e-05
1000 1.788139e-05
1000 1.907349e-05
1000 1.788139e-05
1000 1.597404e-05
1000 1.716614e-05
1000 1.502037e-05
1000 1.406670e-05
1000 1.811981e-05
1000 2.193451e-05
1000 4.100800e-05
1000 1.788139e-05
1000 3.600121e-05
1000 2.098083e-05
1000 1.788139e-05
1000 2.312660e-05
1000 3.290176e-05
1000 1.597404e-05
1000 2.884865e-05
1000 4.696846e-05
1000 1.716614e-05
10000 6.604195e-05
10000 3.409386e-05
10000 3.290176e-05
10000 5.102158e-05
10000 2.694130e-05
10000 3.385544e-05
10000 3.004074e-05
10000 5.888939e-05
10000 3.504753e-05
10000 3.218651e-05
10000 2.503395e-05
10000 2.694130e-05
10000 2.622604e-05
10000 2.694130e-05
10000 2.694130e-05
10000 3.004074e-05
10000 4.100800e-05
10000 2.694130e-05
10000 4.100800e-05
10000 3.814697e-05
10000 2.384186e-05
10000 2.503395e-05
10000 5.912781e-05
10000 4.482269e-05
10000 3.099442e-05
10000 4.482269e-05
10000 4.100800e-05
10000 3.409386e-05
10000 2.694130e-05
10000 2.908707e-05
10000 3.409386e-05
10000 2.479553e-05
10000 3.695488e-05
10000 5.888939e-05
10000 2.598763e-05
10000 4.315376e-05
10000 4.386902e-05
10000 2.598763e-05
10000 3.910065e-05
10000 2.598763e-05
10000 2.694130e-05
10000 3.004074e-05
10000 5.102158e-05
10000 2.980232e-05
10000 2.217293e-05
10000 2.503395e-05
10000 2.789497e-05
10000 2.503395e-05
10000 6.604195e-05
10000 4.506111e-05
10000 3.886223e-05
10000 6.699562e-05
10000 4.291534e-05
10000 3.790855e-05
10000 3.099442e-05
10000 2.408028e-05
10000 2.598763e-05
10000 3.886223e-05
10000 2.813339e-05
10000 2.598763e-05
10000 2.908707e-05
10000 2.598763e-05
10000 2.503395e-05
10000 4.696846e-05
10000 2.479553e-05
10000 3.314018e-05
10000 3.695488e-05
10000 3.504753e-05
10000 3.600121e-05
10000 5.006790e-05
10000 4.386902e-05
10000 3.695488e-05
10000 2.408028e-05
10000 4.410744e-05
10000 2.789497e-05
10000 3.600121e-05
10000 3.194809e-05
10000 3.695488e-05
10000 2.908707e-05
10000 4.506111e-05
10000 6.294250e-05
10000 4.601479e-05
10000 5.602837e-05
10000 2.384186e-05
10000 2.789497e-05
10000 3.314018e-05
10000 3.790855e-05
10000 2.288818e-05
10000 6.198883e-05
10000 2.884865e-05
10000 4.601479e-05
10000 3.004074e-05
10000 2.408028e-05
10000 3.814697e-05
10000 3.194809e-05
10000 4.005432e-05
10000 2.598763e-05
10000 2.479553e-05
10000 4.291534e-05
10000 4.005432e-05
100000000 1.116071e-01
100000000 1.155889e-01
100000000 1.145151e-01
100000000 1.154571e-01
100000000 1.115060e-01
100000000 1.133161e-01
100000000 1.141901e-01
100000000 1.144359e-01
100000000 1.136398e-01
100000000 1.126668e-01
100000000 1.120589e-01
100000000 1.127892e-01
100000000 1.137600e-01
100000000 1.142290e-01
100000000 1.127582e-01
100000000 1.153131e-01
100000000 1.117649e-01
100000000 1.137261e-01
100000000 1.130431e-01
100000000 1.110561e-01
100000000 1.133480e-01
100000000 1.138501e-01
100000000 1.148732e-01
100000000 1.168869e-01
100000000 1.132979e-01
100000000 1.123619e-01
100000000 1.107559e-01
100000000 1.118648e-01
100000000 1.125238e-01
100000000 1.113770e-01
100000000 1.117280e-01
100000000 1.123302e-01
100000000 1.131558e-01
100000000 1.136570e-01
100000000 1.122749e-01
100000000 1.151030e-01
100000000 1.133292e-01
100000000 1.152039e-01
100000000 1.145079e-01
100000000 1.149352e-01
100000000 1.137209e-01
100000000 1.145351e-01
100000000 1.136940e-01
100000000 1.128650e-01
100000000 1.133139e-01
100000000 1.127958e-01
100000000 1.137092e-01
100000000 1.129150e-01
100000000 1.143990e-01
100000000 1.146271e-01
100000000 1.122470e-01
100000000 1.159179e-01
100000000 1.114171e-01
100000000 1.139951e-01
100000000 1.140680e-01
100000000 1.141338e-01
100000000 1.133409e-01
100000000 1.146650e-01
100000000 1.138520e-01
100000000 1.151490e-01
100000000 1.148400e-01
100000000 1.129990e-01
100000000 1.128559e-01
100000000 1.149380e-01
100000000 1.111350e-01
100000000 1.170828e-01
100000000 1.170061e-01
100000000 1.143200e-01
100000000 1.108060e-01
100000000 1.107762e-01
100000000 1.106670e-01
100000000 1.106672e-01
100000000 1.109309e-01
100000000 1.106319e-01
100000000 1.110079e-01
100000000 1.108060e-01
100000000 1.108251e-01
100000000 1.107540e-01
100000000 1.108000e-01
100000000 1.109009e-01
100000000 1.108170e-01
100000000 1.107919e-01
100000000 1.112339e-01
100000000 1.108251e-01
100000000 1.108749e-01
100000000 1.108270e-01
100000000 1.107569e-01
100000000 1.109090e-01
100000000 1.108010e-01
100000000 1.108751e-01
100000000 1.110489e-01
100000000 1.109800e-01
100000000 1.109042e-01
100000000 1.111140e-01
100000000 1.110439e-01
100000000 1.107981e-01
100000000 1.109281e-01
100000000 1.107631e-01
100000000 1.109350e-01
100000000 1.107190e-01
