65536 2.046990e-02
65536 8.487701e-05
65536 1.060963e-04
65536 6.103516e-05
65536 7.581711e-05
65536 4.887581e-05
65536 5.483627e-05
65536 4.601479e-05
65536 6.103516e-05
65536 5.292892e-05
65536 5.698204e-05
65536 5.197525e-05
65536 6.604195e-05
65536 5.102158e-05
65536 2.779961e-04
65536 7.309914e-04
65536 6.985664e-05
65536 5.698204e-05
65536 1.039505e-04
65536 8.106232e-05
65536 5.817413e-05
65536 5.698204e-05
65536 5.602837e-05
65536 5.698204e-05
65536 5.602837e-05
65536 6.294250e-05
65536 6.508827e-05
65536 5.698204e-05
65536 5.602837e-05
65536 5.793571e-05
65536 5.698204e-05
65536 5.698204e-05
65536 5.388260e-05
65536 5.388260e-05
65536 5.602837e-05
65536 4.982948e-05
65536 5.698204e-05
65536 5.483627e-05
65536 5.507469e-05
65536 5.483627e-05
65536 5.698204e-05
65536 5.507469e-05
65536 5.602837e-05
65536 5.388260e-05
65536 5.507469e-05
65536 5.602837e-05
65536 5.602837e-05
65536 5.602837e-05
65536 5.698204e-05
65536 5.507469e-05
65536 5.602837e-05
65536 5.388260e-05
65536 5.698204e-05
65536 5.602837e-05
65536 5.602837e-05
65536 5.602837e-05
65536 7.414818e-05
65536 5.793571e-05
65536 7.700920e-05
65536 5.602837e-05
65536 5.602837e-05
65536 5.412102e-05
65536 5.722046e-05
65536 5.292892e-05
65536 5.483627e-05
65536 5.412102e-05
65536 5.507469e-05
65536 5.507469e-05
65536 5.698204e-05
65536 5.412102e-05
65536 5.507469e-05
65536 5.507469e-05
65536 5.388260e-05
65536 5.602837e-05
65536 5.698204e-05
65536 5.483627e-05
65536 5.602837e-05
65536 6.008148e-05
65536 6.914139e-05
65536 5.698204e-05
65536 5.602837e-05
65536 5.388260e-05
65536 5.698204e-05
65536 5.483627e-05
65536 5.507469e-05
65536 5.602837e-05
65536 5.578995e-05
65536 5.388260e-05
65536 6.699562e-05
65536 5.292892e-05
65536 5.698204e-05
65536 4.911423e-05
65536 5.483627e-05
65536 5.507469e-05
65536 5.602837e-05
65536 5.292892e-05
65536 5.483627e-05
65536 5.698204e-05
65536 5.507469e-05
65536 5.483627e-05
131072 9.703636e-05
131072 1.149178e-04
131072 9.393692e-05
131072 9.679794e-05
131072 9.703636e-05
131072 1.120567e-04
131072 9.703636e-05
131072 9.512901e-05
131072 1.008511e-04
131072 9.298325e-05
131072 9.894371e-05
131072 1.409054e-04
131072 9.703636e-05
131072 9.703636e-05
131072 9.703636e-05
131072 1.020432e-04
131072 1.029968e-04
131072 9.799004e-05
131072 9.703636e-05
131072 9.799004e-05
131072 9.799004e-05
131072 9.703636e-05
131072 9.799004e-05
131072 1.320839e-04
131072 1.058578e-04
131072 1.049042e-04
131072 1.058578e-04
131072 1.049042e-04
131072 1.029968e-04
131072 1.170635e-04
131072 1.070499e-04
131072 1.051426e-04
131072 1.130104e-04
131072 1.051426e-04
131072 1.041889e-04
131072 1.051426e-04
131072 1.060963e-04
131072 1.039505e-04
131072 1.049042e-04
131072 1.049042e-04
131072 1.068115e-04
131072 1.049042e-04
131072 1.049042e-04
131072 1.029968e-04
131072 1.058578e-04
131072 1.049042e-04
131072 1.039505e-04
131072 1.130104e-04
131072 1.058578e-04
131072 1.177788e-04
131072 1.029968e-04
131072 1.041889e-04
131072 1.060963e-04
131072 1.060963e-04
131072 1.070499e-04
131072 1.051426e-04
131072 9.608269e-05
131072 9.799004e-05
131072 1.130104e-04
131072 1.060963e-04
131072 9.608269e-05
131072 9.918213e-05
131072 9.703636e-05
131072 9.584427e-05
131072 9.608269e-05
131072 9.512901e-05
131072 9.608269e-05
131072 9.608269e-05
131072 9.608269e-05
131072 9.703636e-05
131072 9.679794e-05
131072 1.029968e-04
131072 9.703636e-05
131072 9.703636e-05
131072 9.584427e-05
131072 9.703636e-05
131072 1.001358e-04
131072 9.703636e-05
131072 9.703636e-05
131072 9.799004e-05
131072 9.608269e-05
131072 9.679794e-05
131072 1.070499e-04
131072 1.111031e-04
131072 1.161098e-04
131072 9.608269e-05
131072 9.703636e-05
131072 9.799004e-05
131072 9.608269e-05
131072 9.703636e-05
131072 9.679794e-05
131072 9.608269e-05
131072 9.608269e-05
131072 9.608269e-05
131072 1.120567e-04
131072 9.894371e-05
131072 1.120567e-04
131072 9.608269e-05
131072 9.703636e-05
131072 9.799004e-05
262144 1.790524e-04
262144 1.800060e-04
262144 1.790524e-04
262144 1.790524e-04
262144 1.800060e-04
262144 1.800060e-04
262144 1.800060e-04
262144 1.790524e-04
262144 1.790524e-04
262144 1.831055e-04
262144 3.495216e-03
262144 1.800060e-04
262144 1.800060e-04
262144 1.978874e-04
262144 1.780987e-04
262144 1.790524e-04
262144 1.800060e-04
262144 1.811981e-04
262144 1.809597e-04
262144 1.800060e-04
262144 2.150536e-04
262144 1.828671e-04
262144 1.800060e-04
262144 1.809597e-04
262144 1.800060e-04
262144 1.809597e-04
262144 1.800060e-04
262144 1.800060e-04
262144 1.831055e-04
262144 1.809597e-04
262144 1.800060e-04
262144 1.809597e-04
262144 1.809597e-04
262144 1.790524e-04
262144 1.959801e-04
262144 1.800060e-04
262144 1.809597e-04
262144 1.809597e-04
262144 1.809597e-04
262144 1.800060e-04
262144 1.919270e-04
262144 1.797676e-04
262144 1.800060e-04
262144 1.778603e-04
262144 1.788139e-04
262144 1.809597e-04
262144 1.819134e-04
262144 1.800060e-04
262144 1.800060e-04
262144 1.800060e-04
262144 1.800060e-04
262144 1.780987e-04
262144 1.809597e-04
262144 1.778603e-04
262144 1.800060e-04
262144 1.940727e-04
262144 1.790524e-04
262144 1.800060e-04
262144 1.828671e-04
262144 1.800060e-04
262144 1.790524e-04
262144 1.990795e-04
262144 1.928806e-04
262144 1.828671e-04
262144 1.809597e-04
262144 1.778603e-04
262144 1.809597e-04
262144 1.800060e-04
262144 1.790524e-04
262144 1.800060e-04
262144 1.811981e-04
262144 1.809597e-04
262144 1.988411e-04
262144 1.828671e-04
262144 1.809597e-04
262144 1.859665e-04
262144 1.900196e-04
262144 1.800060e-04
262144 1.800060e-04
262144 1.800060e-04
262144 2.009869e-04
262144 1.800060e-04
262144 1.800060e-04
262144 1.950264e-04
262144 1.800060e-04
262144 1.840591e-04
262144 1.809597e-04
262144 1.790524e-04
262144 1.800060e-04
262144 1.811981e-04
262144 1.800060e-04
262144 2.009869e-04
262144 1.809597e-04
262144 1.778603e-04
262144 1.838207e-04
262144 1.809597e-04
262144 1.800060e-04
262144 1.909733e-04
262144 1.790524e-04
262144 1.800060e-04
524288 3.468990e-04
524288 3.499985e-04
524288 3.590584e-04
524288 3.459454e-04
524288 3.468990e-04
524288 3.449917e-04
524288 3.440380e-04
524288 3.461838e-04
524288 3.459454e-04
524288 3.550053e-04
524288 3.490448e-04
524288 3.449917e-04
524288 3.459454e-04
524288 3.550053e-04
524288 3.459454e-04
524288 3.528595e-04
524288 3.480911e-04
524288 3.480911e-04
524288 3.471375e-04
524288 3.449917e-04
524288 3.809929e-04
524288 3.461838e-04
524288 3.530979e-04
524288 3.459454e-04
524288 3.590584e-04
524288 3.478527e-04
524288 3.468990e-04
524288 3.449917e-04
524288 3.459454e-04
524288 3.471375e-04
524288 3.471375e-04
524288 3.449917e-04
524288 3.621578e-04
524288 3.449917e-04
524288 3.459454e-04
524288 4.129410e-04
524288 3.478527e-04
524288 3.468990e-04
524288 3.471375e-04
524288 3.449917e-04
524288 3.459454e-04
524288 3.459454e-04
524288 3.459454e-04
524288 3.669262e-04
524288 3.471375e-04
524288 3.449917e-04
524288 3.550053e-04
524288 3.669262e-04
524288 3.461838e-04
524288 3.650188e-04
524288 3.480911e-04
524288 3.519058e-04
524288 3.449917e-04
524288 3.461838e-04
524288 3.669262e-04
524288 3.540516e-04
524288 3.540516e-04
524288 3.550053e-04
524288 3.530979e-04
524288 3.521442e-04
524288 3.530979e-04
524288 3.540516e-04
524288 3.530979e-04
524288 3.521442e-04
524288 3.519058e-04
524288 3.759861e-04
524288 3.530979e-04
524288 3.569126e-04
524288 3.530979e-04
524288 3.540516e-04
524288 3.519058e-04
524288 3.521442e-04
524288 3.530979e-04
524288 3.609657e-04
524288 3.609657e-04
524288 3.528595e-04
524288 3.719330e-04
524288 3.550053e-04
524288 3.559589e-04
524288 3.619194e-04
524288 3.519058e-04
524288 3.521442e-04
524288 3.581047e-04
524288 3.550053e-04
524288 3.521442e-04
524288 3.530979e-04
524288 3.521442e-04
524288 3.678799e-04
524288 3.519058e-04
524288 3.571510e-04
524288 3.590584e-04
524288 3.540516e-04
524288 3.540516e-04
524288 3.530979e-04
524288 3.540516e-04
524288 3.521442e-04
524288 3.778934e-04
524288 3.519058e-04
524288 3.700256e-04
524288 3.530979e-04
1048576 6.968975e-04
1048576 6.980896e-04
1048576 6.980896e-04
1048576 6.990433e-04
1048576 7.140636e-04
1048576 6.980896e-04
1048576 6.968975e-04
1048576 6.959438e-04
1048576 6.971359e-04
1048576 6.968975e-04
1048576 6.968975e-04
1048576 6.799698e-04
1048576 6.928444e-04
1048576 6.768703e-04
1048576 3.188133e-03
1048576 6.639957e-04
1048576 6.790161e-04
1048576 7.719994e-04
1048576 7.660389e-04
1048576 7.650852e-04
1048576 7.638931e-04
1048576 7.660389e-04
1048576 7.228851e-04
1048576 6.999969e-04
1048576 6.809235e-04
1048576 6.771088e-04
1048576 6.790161e-04
1048576 6.809235e-04
1048576 7.171631e-04
1048576 6.980896e-04
1048576 6.990433e-04
1048576 6.980896e-04
1048576 6.990433e-04
1048576 6.990433e-04
1048576 7.109642e-04
1048576 6.978512e-04
1048576 6.990433e-04
1048576 6.988049e-04
1048576 6.980896e-04
1048576 7.009506e-04
1048576 7.250309e-04
1048576 6.988049e-04
1048576 6.978512e-04
1048576 7.040501e-04
1048576 7.040501e-04
1048576 7.200241e-04
1048576 7.019043e-04
1048576 7.021427e-04
1048576 7.030964e-04
1048576 7.030964e-04
1048576 7.021427e-04
1048576 7.150173e-04
1048576 7.038116e-04
1048576 7.021427e-04
1048576 7.040501e-04
1048576 7.059574e-04
1048576 7.128716e-04
1048576 7.019043e-04
1048576 7.059574e-04
1048576 7.019043e-04
1048576 7.009506e-04
1048576 7.038116e-04
1048576 7.190704e-04
1048576 7.040501e-04
1048576 7.021427e-04
1048576 7.030964e-04
1048576 7.009506e-04
1048576 7.119179e-04
1048576 7.169247e-04
1048576 7.040501e-04
1048576 7.050037e-04
1048576 7.021427e-04
1048576 7.021427e-04
1048576 7.209778e-04
1048576 7.021427e-04
1048576 7.050037e-04
1048576 7.011890e-04
1048576 7.030964e-04
1048576 7.030964e-04
1048576 7.159710e-04
1048576 7.009506e-04
1048576 7.040501e-04
1048576 7.030964e-04
1048576 7.011890e-04
1048576 7.100105e-04
1048576 7.190704e-04
1048576 7.011890e-04
1048576 7.040501e-04
1048576 6.799698e-04
1048576 6.799698e-04
1048576 6.890297e-04
1048576 6.799698e-04
1048576 6.999969e-04
1048576 6.799698e-04
1048576 6.768703e-04
1048576 6.830692e-04
1048576 6.961823e-04
1048576 6.790161e-04
1048576 6.790161e-04
1048576 6.787777e-04
