65536 1.161098e-04
65536 9.012222e-05
65536 8.797646e-05
65536 8.797646e-05
65536 8.296967e-05
65536 8.893013e-05
65536 8.320808e-05
65536 8.296967e-05
65536 8.010864e-05
65536 8.201599e-05
65536 8.201599e-05
65536 8.916855e-05
65536 8.106232e-05
65536 8.201599e-05
65536 8.106232e-05
65536 9.202957e-05
65536 9.417534e-05
65536 8.106232e-05
65536 8.106232e-05
65536 8.106232e-05
65536 7.987022e-05
65536 8.010864e-05
65536 7.987022e-05
65536 8.010864e-05
65536 8.392334e-05
65536 9.703636e-05
65536 9.608269e-05
65536 8.893013e-05
65536 9.012222e-05
65536 8.797646e-05
65536 8.893013e-05
65536 8.797646e-05
65536 9.107590e-05
65536 8.797646e-05
65536 8.893013e-05
65536 9.012222e-05
65536 9.107590e-05
65536 9.012222e-05
65536 8.797646e-05
65536 1.208782e-04
65536 8.893013e-05
65536 8.988380e-05
65536 8.916855e-05
65536 8.988380e-05
65536 8.893013e-05
65536 9.107590e-05
65536 8.988380e-05
65536 9.012222e-05
65536 9.012222e-05
65536 8.893013e-05
65536 8.797646e-05
65536 9.012222e-05
65536 8.893013e-05
65536 9.012222e-05
65536 9.703636e-05
65536 7.891655e-05
65536 7.987022e-05
65536 8.010864e-05
65536 7.987022e-05
65536 8.106232e-05
65536 8.106232e-05
65536 7.987022e-05
65536 8.106232e-05
65536 7.987022e-05
65536 8.010864e-05
65536 7.987022e-05
65536 8.106232e-05
65536 7.987022e-05
65536 8.010864e-05
65536 7.987022e-05
65536 8.201599e-05
65536 9.107590e-05
65536 8.893013e-05
65536 8.988380e-05
65536 8.988380e-05
65536 9.012222e-05
65536 8.916855e-05
65536 8.988380e-05
65536 9.012222e-05
65536 9.012222e-05
65536 8.988380e-05
65536 8.916855e-05
65536 9.584427e-05
65536 1.070499e-04
65536 8.988380e-05
65536 9.012222e-05
65536 8.988380e-05
65536 8.916855e-05
65536 9.012222e-05
65536 8.893013e-05
65536 8.916855e-05
65536 9.012222e-05
65536 8.893013e-05
65536 9.012222e-05
65536 8.893013e-05
65536 8.893013e-05
65536 9.012222e-05
65536 8.893013e-05
65536 8.702278e-05
65536 9.107590e-05
131072 1.559258e-04
131072 1.561642e-04
131072 1.561642e-04
131072 1.559258e-04
131072 1.549721e-04
131072 1.540184e-04
131072 1.549721e-04
131072 1.549721e-04
131072 1.540184e-04
131072 1.730919e-04
131072 1.721382e-04
131072 1.730919e-04
131072 1.730919e-04
131072 1.730919e-04
131072 1.971722e-04
131072 1.718998e-04
131072 1.730919e-04
131072 1.728535e-04
131072 1.730919e-04
131072 1.718998e-04
131072 1.730919e-04
131072 1.759529e-04
131072 1.730919e-04
131072 1.730919e-04
131072 1.718998e-04
131072 1.640320e-04
131072 1.549721e-04
131072 1.540184e-04
131072 1.549721e-04
131072 1.540184e-04
131072 1.540184e-04
131072 1.549721e-04
131072 1.559258e-04
131072 1.549721e-04
131072 1.740456e-04
131072 1.718998e-04
131072 1.730919e-04
131072 2.069473e-04
131072 1.721382e-04
131072 1.718998e-04
131072 1.721382e-04
131072 1.718998e-04
131072 1.730919e-04
131072 1.718998e-04
131072 1.740456e-04
131072 1.721382e-04
131072 1.738071e-04
131072 1.730919e-04
131072 1.718998e-04
131072 1.740456e-04
131072 1.659393e-04
131072 1.549721e-04
131072 1.549721e-04
131072 1.630783e-04
131072 1.549721e-04
131072 1.540184e-04
131072 1.540184e-04
131072 1.540184e-04
131072 1.559258e-04
131072 1.709461e-04
131072 1.871586e-04
131072 1.740456e-04
131072 1.728535e-04
131072 1.718998e-04
131072 1.730919e-04
131072 1.730919e-04
131072 1.730919e-04
131072 1.728535e-04
131072 1.740456e-04
131072 1.740456e-04
131072 1.718998e-04
131072 1.721382e-04
131072 1.718998e-04
131072 1.721382e-04
131072 1.728535e-04
131072 1.728535e-04
131072 1.540184e-04
131072 1.549721e-04
131072 1.549721e-04
131072 1.549721e-04
131072 1.549721e-04
131072 1.549721e-04
131072 1.540184e-04
131072 1.699924e-04
131072 1.659393e-04
131072 1.730919e-04
131072 1.721382e-04
131072 1.728535e-04
131072 1.721382e-04
131072 1.728535e-04
131072 1.730919e-04
131072 1.721382e-04
131072 1.718998e-04
131072 1.728535e-04
131072 1.718998e-04
131072 1.718998e-04
131072 1.721382e-04
131072 1.728535e-04
131072 1.730919e-04
131072 1.718998e-04
262144 3.309250e-04
262144 3.039837e-04
262144 3.030300e-04
262144 3.209114e-04
262144 3.030300e-04
262144 3.390312e-04
262144 3.478527e-04
262144 3.390312e-04
262144 3.390312e-04
262144 4.279613e-04
262144 3.728867e-04
262144 3.819466e-04
262144 4.031658e-04
262144 3.170967e-04
262144 3.108978e-04
262144 3.039837e-04
262144 3.030300e-04
262144 3.211498e-04
262144 3.402233e-04
262144 3.378391e-04
262144 3.380775e-04
262144 3.380775e-04
262144 3.390312e-04
262144 3.390312e-04
262144 3.387928e-04
262144 3.368855e-04
262144 3.879070e-04
262144 3.039837e-04
262144 3.149509e-04
262144 3.039837e-04
262144 3.211498e-04
262144 3.399849e-04
262144 3.390312e-04
262144 3.390312e-04
262144 3.378391e-04
262144 3.390312e-04
262144 3.380775e-04
262144 3.390312e-04
262144 3.709793e-04
262144 3.180504e-04
262144 3.039837e-04
262144 3.049374e-04
262144 3.030300e-04
262144 3.190041e-04
262144 3.390312e-04
262144 3.387928e-04
262144 3.380775e-04
262144 3.380775e-04
262144 3.390312e-04
262144 3.378391e-04
262144 3.459454e-04
262144 3.387928e-04
262144 3.261566e-04
262144 3.027916e-04
262144 3.039837e-04
262144 3.039837e-04
262144 3.030300e-04
262144 3.499985e-04
262144 3.399849e-04
262144 3.399849e-04
262144 3.378391e-04
262144 3.390312e-04
262144 3.449917e-04
262144 3.390312e-04
262144 3.390312e-04
262144 3.349781e-04
262144 3.039837e-04
262144 3.030300e-04
262144 3.051758e-04
262144 3.051758e-04
262144 3.449917e-04
262144 3.468990e-04
262144 3.380775e-04
262144 3.390312e-04
262144 3.449917e-04
262144 3.380775e-04
262144 3.390312e-04
262144 3.387928e-04
262144 3.359318e-04
262144 3.030300e-04
262144 3.030300e-04
262144 3.039837e-04
262144 3.030300e-04
262144 3.359318e-04
262144 3.390312e-04
262144 3.390312e-04
262144 3.459454e-04
262144 3.390312e-04
262144 3.390312e-04
262144 3.387928e-04
262144 3.390312e-04
262144 3.421307e-04
262144 3.039837e-04
262144 3.030300e-04
262144 3.039837e-04
262144 3.030300e-04
262144 3.278255e-04
262144 3.378391e-04
262144 3.461838e-04
262144 3.368855e-04
524288 6.701946e-04
524288 6.709099e-04
524288 6.501675e-04
524288 6.020069e-04
524288 6.160736e-04
524288 6.771088e-04
524288 6.709099e-04
524288 6.699562e-04
524288 6.711483e-04
524288 6.299019e-04
524288 6.029606e-04
524288 6.449223e-04
524288 6.699562e-04
524288 6.709099e-04
524288 6.701946e-04
524288 6.699562e-04
524288 6.728172e-04
524288 6.160736e-04
524288 6.020069e-04
524288 6.668568e-04
524288 6.711483e-04
524288 6.709099e-04
524288 6.711483e-04
524288 6.577969e-04
524288 6.010532e-04
524288 6.170273e-04
524288 7.820129e-04
524288 7.109642e-04
524288 7.388592e-04
524288 6.749630e-04
524288 6.070137e-04
524288 6.020069e-04
524288 6.759167e-04
524288 6.711483e-04
524288 6.790161e-04
524288 6.778240e-04
524288 6.408691e-04
524288 6.010532e-04
524288 6.268024e-04
524288 6.709099e-04
524288 6.709099e-04
524288 6.771088e-04
524288 6.709099e-04
524288 6.201267e-04
524288 6.029606e-04
524288 6.430149e-04
524288 6.709099e-04
524288 6.761551e-04
524288 6.718636e-04
524288 6.749630e-04
524288 6.008148e-04
524288 6.041527e-04
524288 7.750988e-04
524288 7.729530e-04
524288 6.709099e-04
524288 6.711483e-04
524288 6.141663e-04
524288 6.020069e-04
524288 6.451607e-04
524288 6.780624e-04
524288 6.711483e-04
524288 6.709099e-04
524288 6.799698e-04
524288 6.020069e-04
524288 6.020069e-04
524288 6.718636e-04
524288 6.711483e-04
524288 6.709099e-04
524288 6.709099e-04
524288 6.520748e-04
524288 6.020069e-04
524288 6.239414e-04
524288 6.709099e-04
524288 6.711483e-04
524288 6.709099e-04
524288 6.709099e-04
524288 6.320477e-04
524288 6.110668e-04
524288 6.361008e-04
524288 6.930828e-04
524288 6.937981e-04
524288 6.930828e-04
524288 6.928444e-04
524288 6.220341e-04
524288 6.020069e-04
524288 6.630421e-04
524288 6.711483e-04
524288 6.709099e-04
524288 6.699562e-04
524288 6.630421e-04
524288 6.020069e-04
524288 6.139278e-04
524288 6.711483e-04
524288 6.709099e-04
524288 6.721020e-04
524288 6.840229e-04
524288 6.358624e-04
524288 6.000996e-04
524288 6.310940e-04
524288 6.699562e-04
1048576 1.353025e-03
1048576 1.281023e-03
1048576 1.246929e-03
1048576 1.334906e-03
1048576 1.348972e-03
1048576 1.196861e-03
1048576 1.330137e-03
1048576 1.350880e-03
1048576 1.250029e-03
1048576 1.278877e-03
1048576 1.353025e-03
1048576 1.304150e-03
1048576 1.224995e-03
1048576 1.348972e-03
1048576 1.337051e-03
1048576 1.265049e-03
1048576 1.325130e-03
1048576 1.381874e-03
1048576 1.384020e-03
1048576 1.245022e-03
1048576 1.370907e-03
1048576 1.380920e-03
1048576 1.286983e-03
1048576 1.337051e-03
1048576 1.379967e-03
1048576 1.327991e-03
1048576 1.297951e-03
1048576 1.380920e-03
1048576 1.363993e-03
1048576 1.262903e-03
1048576 1.381159e-03
1048576 1.390219e-03
1048576 1.250029e-03
1048576 1.368046e-03
1048576 1.389980e-03
1048576 1.287937e-03
1048576 1.328945e-03
1048576 1.389980e-03
1048576 1.498938e-03
1048576 1.290083e-03
1048576 1.389027e-03
1048576 1.358986e-03
1048576 1.198053e-03
1048576 1.347065e-03
1048576 1.337051e-03
1048576 1.248121e-03
1048576 1.291037e-03
1048576 1.335859e-03
1048576 1.300097e-03
1048576 1.240969e-03
1048576 1.336098e-03
1048576 1.334906e-03
1048576 1.224041e-03
1048576 1.312017e-03
1048576 1.337051e-03
1048576 1.280069e-03
1048576 1.255989e-03
1048576 1.336098e-03
1048576 1.334906e-03
1048576 1.198053e-03
1048576 1.338005e-03
1048576 1.368046e-03
1048576 1.240969e-03
1048576 1.284838e-03
1048576 1.348019e-03
1048576 1.301050e-03
1048576 1.230001e-03
1048576 1.343966e-03
1048576 1.347065e-03
1048576 1.211882e-03
1048576 1.324177e-03
1048576 1.336098e-03
1048576 1.269102e-03
1048576 1.274824e-03
1048576 1.335859e-03
1048576 1.405001e-03
1048576 1.361847e-03
1048576 1.336098e-03
1048576 1.348019e-03
1048576 1.205921e-03
1048576 1.322985e-03
1048576 1.336098e-03
1048576 1.266956e-03
1048576 1.262903e-03
1048576 1.337051e-03
1048576 1.336098e-03
1048576 1.210928e-03
1048576 1.334906e-03
1048576 1.399994e-03
1048576 1.377106e-03
1048576 1.310110e-03
1048576 1.349926e-03
1048576 1.285076e-03
1048576 1.302958e-03
1048576 1.389027e-03
1048576 1.349926e-03
1048576 1.260042e-03
1048576 1.355886e-03
1048576 1.337051e-03
1048576 1.211882e-03
