65536 2.150536e-04
65536 1.540184e-04
65536 1.530647e-04
65536 1.530647e-04
65536 1.518726e-04
65536 1.590252e-04
65536 1.540184e-04
65536 1.659393e-04
65536 1.749992e-04
65536 1.711845e-04
65536 1.690388e-04
65536 1.690388e-04
65536 1.680851e-04
65536 1.699924e-04
65536 1.688004e-04
65536 1.699924e-04
65536 1.740456e-04
65536 1.809597e-04
65536 1.699924e-04
65536 1.699924e-04
65536 1.690388e-04
65536 1.680851e-04
65536 1.690388e-04
65536 1.699924e-04
65536 1.609325e-04
65536 1.518726e-04
65536 1.549721e-04
65536 1.518726e-04
65536 1.521111e-04
65536 1.511574e-04
65536 1.530647e-04
65536 1.518726e-04
65536 1.518726e-04
65536 1.690388e-04
65536 1.699924e-04
65536 1.699924e-04
65536 1.699924e-04
65536 1.690388e-04
65536 1.680851e-04
65536 1.699924e-04
65536 2.000332e-04
65536 1.699924e-04
65536 1.680851e-04
65536 1.690388e-04
65536 1.699924e-04
65536 1.690388e-04
65536 1.688004e-04
65536 1.690388e-04
65536 1.688004e-04
65536 1.690388e-04
65536 1.618862e-04
65536 1.518726e-04
65536 1.521111e-04
65536 1.499653e-04
65536 1.521111e-04
65536 1.511574e-04
65536 1.518726e-04
65536 1.509190e-04
65536 1.540184e-04
65536 1.721382e-04
65536 1.680851e-04
65536 1.690388e-04
65536 1.690388e-04
65536 1.690388e-04
65536 2.770424e-04
65536 1.678467e-04
65536 1.699924e-04
65536 1.678467e-04
65536 1.680851e-04
65536 1.678467e-04
65536 1.690388e-04
65536 1.688004e-04
65536 1.680851e-04
65536 1.678467e-04
65536 1.680851e-04
65536 1.721382e-04
65536 1.568794e-04
65536 1.521111e-04
65536 1.518726e-04
65536 1.528263e-04
65536 1.509190e-04
65536 1.511574e-04
65536 1.511574e-04
65536 1.521111e-04
65536 1.628399e-04
65536 1.680851e-04
65536 1.690388e-04
65536 1.680851e-04
65536 1.690388e-04
65536 1.680851e-04
65536 1.680851e-04
65536 1.680851e-04
65536 1.699924e-04
65536 1.690388e-04
65536 1.699924e-04
65536 1.690388e-04
65536 1.678467e-04
65536 1.680851e-04
65536 1.688004e-04
65536 1.680851e-04
131072 3.368855e-04
131072 3.008842e-04
131072 2.999306e-04
131072 3.011227e-04
131072 3.011227e-04
131072 3.252029e-04
131072 3.461838e-04
131072 3.361702e-04
131072 3.380775e-04
131072 3.361702e-04
131072 3.361702e-04
131072 3.349781e-04
131072 3.359318e-04
131072 3.349781e-04
131072 3.211498e-04
131072 3.011227e-04
131072 3.001690e-04
131072 3.001690e-04
131072 3.221035e-04
131072 3.359318e-04
131072 3.349781e-04
131072 3.359318e-04
131072 3.340244e-04
131072 3.340244e-04
131072 3.349781e-04
131072 3.340244e-04
131072 3.349781e-04
131072 3.337860e-04
131072 3.011227e-04
131072 3.001690e-04
131072 3.139973e-04
131072 3.020763e-04
131072 3.280640e-04
131072 3.349781e-04
131072 3.349781e-04
131072 3.359318e-04
131072 3.349781e-04
131072 3.349781e-04
131072 3.359318e-04
131072 3.359318e-04
131072 3.349781e-04
131072 3.218651e-04
131072 3.108978e-04
131072 3.001690e-04
131072 3.001690e-04
131072 3.111362e-04
131072 3.349781e-04
131072 3.361702e-04
131072 3.349781e-04
131072 3.349781e-04
131072 3.349781e-04
131072 3.359318e-04
131072 3.349781e-04
131072 3.349781e-04
131072 3.449917e-04
131072 3.011227e-04
131072 2.989769e-04
131072 3.001690e-04
131072 2.999306e-04
131072 3.290176e-04
131072 3.340244e-04
131072 3.349781e-04
131072 3.359318e-04
131072 3.349781e-04
131072 3.349781e-04
131072 3.361702e-04
131072 3.790855e-04
131072 3.368855e-04
131072 3.120899e-04
131072 3.001690e-04
131072 3.020763e-04
131072 3.008842e-04
131072 3.120899e-04
131072 3.349781e-04
131072 3.361702e-04
131072 3.349781e-04
131072 3.340244e-04
131072 3.340244e-04
131072 3.478527e-04
131072 3.349781e-04
131072 3.349781e-04
131072 3.359318e-04
131072 3.008842e-04
131072 3.008842e-04
131072 3.008842e-04
131072 3.008842e-04
131072 3.299713e-04
131072 3.349781e-04
131072 3.349781e-04
131072 3.349781e-04
131072 3.468990e-04
131072 3.359318e-04
131072 3.349781e-04
131072 3.349781e-04
131072 3.361702e-04
131072 3.139973e-04
131072 3.008842e-04
131072 3.011227e-04
131072 3.001690e-04
131072 3.139973e-04
262144 6.670952e-04
262144 6.780624e-04
262144 6.670952e-04
262144 6.668568e-04
262144 6.370544e-04
262144 5.970001e-04
262144 6.220341e-04
262144 6.799698e-04
262144 6.680489e-04
262144 6.721020e-04
262144 1.497030e-03
262144 5.970001e-04
262144 6.859303e-04
262144 6.680489e-04
262144 6.690025e-04
262144 6.668568e-04
262144 6.520748e-04
262144 5.989075e-04
262144 6.189346e-04
262144 6.668568e-04
262144 6.670952e-04
262144 6.680489e-04
262144 6.680489e-04
262144 6.420612e-04
262144 6.239414e-04
262144 6.208420e-04
262144 6.680489e-04
262144 6.668568e-04
262144 6.680489e-04
262144 6.668568e-04
262144 6.730556e-04
262144 5.989075e-04
262144 6.358624e-04
262144 6.670952e-04
262144 6.670952e-04
262144 6.678104e-04
262144 7.109642e-04
262144 6.079674e-04
262144 5.979538e-04
262144 6.499290e-04
262144 6.709099e-04
262144 6.670952e-04
262144 6.790161e-04
262144 6.661415e-04
262144 6.000996e-04
262144 5.989075e-04
262144 6.649494e-04
262144 6.690025e-04
262144 7.030964e-04
262144 6.678104e-04
262144 6.501675e-04
262144 5.979538e-04
262144 6.079674e-04
262144 6.680489e-04
262144 7.128716e-04
262144 6.670952e-04
262144 6.668568e-04
262144 6.310940e-04
262144 5.991459e-04
262144 6.279945e-04
262144 6.871223e-04
262144 6.678104e-04
262144 6.680489e-04
262144 6.678104e-04
262144 6.179810e-04
262144 5.991459e-04
262144 6.520748e-04
262144 6.699562e-04
262144 6.711483e-04
262144 6.699562e-04
262144 6.899834e-04
262144 6.189346e-04
262144 6.189346e-04
262144 3.128052e-03
262144 6.010532e-04
262144 6.449223e-04
262144 6.668568e-04
262144 6.670952e-04
262144 6.668568e-04
262144 6.721020e-04
262144 6.167889e-04
262144 6.120205e-04
262144 6.418228e-04
262144 6.670952e-04
262144 6.668568e-04
262144 6.690025e-04
262144 6.680489e-04
262144 6.289482e-04
262144 5.979538e-04
262144 6.549358e-04
262144 6.680489e-04
262144 6.680489e-04
262144 6.680489e-04
262144 6.768703e-04
262144 5.989075e-04
262144 6.089211e-04
262144 6.890297e-04
262144 6.899834e-04
262144 6.909370e-04
262144 7.040501e-04
524288 1.280785e-03
524288 1.338005e-03
524288 1.399994e-03
524288 1.335859e-03
524288 1.288891e-03
524288 1.387119e-03
524288 1.390934e-03
524288 1.239777e-03
524288 1.398087e-03
524288 1.388073e-03
524288 1.298904e-03
524288 1.337051e-03
524288 1.338005e-03
524288 1.294851e-03
524288 1.244068e-03
524288 1.331806e-03
524288 1.332045e-03
524288 1.222134e-03
524288 1.306057e-03
524288 1.332045e-03
524288 1.288176e-03
524288 1.244068e-03
524288 1.332045e-03
524288 1.355886e-03
524288 1.194954e-03
524288 1.318932e-03
524288 1.330853e-03
524288 1.272917e-03
524288 1.255989e-03
524288 1.332045e-03
524288 1.335144e-03
524288 1.192808e-03
524288 1.331091e-03
524288 1.353979e-03
524288 1.249075e-03
524288 1.271009e-03
524288 1.345158e-03
524288 1.307011e-03
524288 1.217127e-03
524288 1.343966e-03
524288 1.332045e-03
524288 1.226902e-03
524288 1.303911e-03
524288 1.332998e-03
524288 1.286983e-03
524288 1.242876e-03
524288 1.332045e-03
524288 1.332045e-03
524288 1.233101e-03
524288 1.308203e-03
524288 1.332998e-03
524288 1.288891e-03
524288 1.249075e-03
524288 1.330853e-03
524288 1.342773e-03
524288 1.194954e-03
524288 1.323938e-03
524288 1.352072e-03
524288 1.254797e-03
524288 1.265049e-03
524288 1.345158e-03
524288 1.317024e-03
524288 1.203060e-03
524288 1.332045e-03
524288 1.345158e-03
524288 1.234055e-03
524288 1.283884e-03
524288 1.338005e-03
524288 1.300097e-03
524288 1.221180e-03
524288 1.337767e-03
524288 1.330137e-03
524288 1.220942e-03
524288 1.307011e-03
524288 1.331091e-03
524288 1.282930e-03
524288 1.244068e-03
524288 1.331806e-03
524288 1.332998e-03
524288 1.213074e-03
524288 1.312017e-03
524288 1.331091e-03
524288 1.277924e-03
524288 1.247883e-03
524288 1.331091e-03
524288 1.343012e-03
524288 1.194954e-03
524288 1.322985e-03
524288 1.339912e-03
524288 1.258850e-03
524288 1.260996e-03
524288 1.339912e-03
524288 1.320124e-03
524288 1.193047e-03
524288 1.343012e-03
524288 1.330853e-03
524288 1.243114e-03
524288 1.276970e-03
524288 1.338005e-03
524288 1.306057e-03
1048576 2.552032e-03
1048576 2.568007e-03
1048576 2.748966e-03
1048576 2.619982e-03
1048576 2.742052e-03
1048576 2.638102e-03
1048576 2.688885e-03
1048576 2.760887e-03
1048576 2.669096e-03
1048576 2.755880e-03
1048576 2.619982e-03
1048576 2.655983e-03
1048576 2.734184e-03
1048576 2.635956e-03
1048576 5.491972e-03
1048576 2.504826e-03
1048576 2.661943e-03
1048576 2.527952e-03
1048576 2.617121e-03
1048576 2.571106e-03
1048576 2.629042e-03
1048576 2.748013e-03
1048576 2.615929e-03
1048576 2.722979e-03
1048576 2.563000e-03
1048576 2.556086e-03
1048576 2.627850e-03
1048576 2.520084e-03
1048576 2.666950e-03
1048576 2.524853e-03
1048576 2.605915e-03
1048576 2.580166e-03
1048576 2.542019e-03
1048576 2.648115e-03
1048576 2.540112e-03
1048576 2.663851e-03
1048576 2.521038e-03
1048576 2.595901e-03
1048576 2.603054e-03
1048576 2.520084e-03
1048576 2.674818e-03
1048576 2.524853e-03
1048576 2.623081e-03
1048576 2.564192e-03
1048576 2.551079e-03
1048576 2.635002e-03
1048576 2.524137e-03
1048576 2.661943e-03
1048576 2.523899e-03
1048576 2.605915e-03
1048576 2.575874e-03
1048576 2.534151e-03
1048576 2.660036e-03
1048576 2.513885e-03
1048576 2.658844e-03
1048576 2.588034e-03
1048576 2.655983e-03
1048576 2.716064e-03
1048576 2.619028e-03
1048576 2.748013e-03
1048576 2.626896e-03
1048576 2.657890e-03
1048576 2.717018e-03
1048576 2.615929e-03
1048576 2.745867e-03
1048576 2.629042e-03
1048576 2.648115e-03
1048576 2.729177e-03
1048576 2.609968e-03
1048576 2.741098e-03
1048576 2.649069e-03
1048576 2.633095e-03
1048576 2.732992e-03
1048576 2.615929e-03
1048576 2.730846e-03
1048576 2.645016e-03
1048576 2.586842e-03
1048576 2.634048e-03
1048576 2.526999e-03
1048576 2.674103e-03
1048576 2.513170e-03
1048576 2.599001e-03
1048576 2.594948e-03
1048576 2.516985e-03
1048576 2.666950e-03
1048576 2.517939e-03
1048576 2.650023e-03
1048576 2.542973e-03
1048576 2.569199e-03
1048576 2.617121e-03
1048576 2.545834e-03
1048576 2.758980e-03
1048576 2.624035e-03
1048576 2.691031e-03
1048576 2.654076e-03
1048576 2.521992e-03
1048576 2.665997e-03
1048576 2.515793e-03
1048576 2.625942e-03
1048576 2.562046e-03
