65536 2.269745e-04
65536 1.602173e-04
65536 1.528263e-04
65536 1.819134e-04
65536 1.528263e-04
65536 1.671314e-04
65536 1.521111e-04
65536 1.518726e-04
65536 1.568794e-04
65536 1.521111e-04
65536 1.521111e-04
65536 1.511574e-04
65536 1.521111e-04
65536 1.530647e-04
65536 1.509190e-04
65536 1.699924e-04
65536 1.699924e-04
65536 1.690388e-04
65536 1.690388e-04
65536 1.699924e-04
65536 1.680851e-04
65536 1.678467e-04
65536 1.690388e-04
65536 1.678467e-04
65536 1.678467e-04
65536 1.690388e-04
65536 1.959801e-04
65536 1.678467e-04
65536 1.690388e-04
65536 1.680851e-04
65536 1.690388e-04
65536 1.671314e-04
65536 1.499653e-04
65536 1.499653e-04
65536 1.509190e-04
65536 1.499653e-04
65536 1.509190e-04
65536 1.499653e-04
65536 1.502037e-04
65536 1.511574e-04
65536 1.621246e-04
65536 1.728535e-04
65536 1.680851e-04
65536 1.678467e-04
65536 1.680851e-04
65536 1.690388e-04
65536 1.678467e-04
65536 1.678467e-04
65536 1.680851e-04
65536 1.678467e-04
65536 2.450943e-04
65536 1.690388e-04
65536 1.678467e-04
65536 1.690388e-04
65536 1.680851e-04
65536 1.678467e-04
65536 1.690388e-04
65536 1.690388e-04
65536 1.540184e-04
65536 1.511574e-04
65536 1.511574e-04
65536 1.511574e-04
65536 1.511574e-04
65536 1.499653e-04
65536 1.499653e-04
65536 1.499653e-04
65536 1.509190e-04
65536 1.749992e-04
65536 1.690388e-04
65536 1.690388e-04
65536 1.680851e-04
65536 1.678467e-04
65536 1.680851e-04
65536 1.690388e-04
65536 1.947880e-04
65536 1.690388e-04
65536 1.680851e-04
65536 1.690388e-04
65536 1.680851e-04
65536 1.678467e-04
65536 1.678467e-04
65536 1.690388e-04
65536 1.690388e-04
65536 1.699924e-04
65536 1.652241e-04
65536 1.499653e-04
65536 1.509190e-04
65536 1.509190e-04
65536 1.509190e-04
65536 1.509190e-04
65536 1.509190e-04
65536 1.509190e-04
65536 1.509190e-04
65536 1.652241e-04
65536 1.680851e-04
65536 1.678467e-04
65536 1.680851e-04
65536 1.690388e-04
65536 2.090931e-04
65536 1.690388e-04
131072 3.340244e-04
131072 3.349781e-04
131072 3.337860e-04
131072 3.340244e-04
131072 3.340244e-04
131072 3.271103e-04
131072 2.989769e-04
131072 2.999306e-04
131072 3.011227e-04
131072 3.020763e-04
131072 3.390312e-04
131072 3.700256e-04
131072 3.340244e-04
131072 3.340244e-04
131072 3.340244e-04
131072 3.340244e-04
131072 3.340244e-04
131072 3.349781e-04
131072 3.390312e-04
131072 3.001690e-04
131072 2.989769e-04
131072 2.989769e-04
131072 3.008842e-04
131072 3.340244e-04
131072 3.340244e-04
131072 3.340244e-04
131072 3.337860e-04
131072 3.330708e-04
131072 3.349781e-04
131072 3.340244e-04
131072 3.349781e-04
131072 3.349781e-04
131072 3.240108e-04
131072 2.999306e-04
131072 3.008842e-04
131072 3.268719e-04
131072 2.999306e-04
131072 3.380775e-04
131072 3.349781e-04
131072 3.340244e-04
131072 3.368855e-04
131072 3.340244e-04
131072 3.359318e-04
131072 3.349781e-04
131072 3.349781e-04
131072 3.349781e-04
131072 3.261566e-04
131072 3.230572e-04
131072 3.008842e-04
131072 2.999306e-04
131072 2.989769e-04
131072 3.371239e-04
131072 3.340244e-04
131072 3.340244e-04
131072 3.349781e-04
131072 3.330708e-04
131072 3.328323e-04
131072 3.349781e-04
131072 3.349781e-04
131072 3.600121e-04
131072 3.089905e-04
131072 2.999306e-04
131072 3.008842e-04
131072 2.999306e-04
131072 3.180504e-04
131072 3.349781e-04
131072 3.349781e-04
131072 3.349781e-04
131072 3.349781e-04
131072 3.340244e-04
131072 3.349781e-04
131072 3.709793e-04
131072 3.330708e-04
131072 3.240108e-04
131072 3.001690e-04
131072 2.999306e-04
131072 3.011227e-04
131072 3.001690e-04
131072 3.361702e-04
131072 3.340244e-04
131072 3.359318e-04
131072 3.328323e-04
131072 3.349781e-04
131072 3.650188e-04
131072 3.337860e-04
131072 3.330708e-04
131072 3.349781e-04
131072 3.101826e-04
131072 2.989769e-04
131072 2.999306e-04
131072 2.999306e-04
131072 3.168583e-04
131072 3.349781e-04
131072 3.340244e-04
131072 3.340244e-04
131072 3.340244e-04
131072 3.809929e-04
131072 3.340244e-04
131072 3.340244e-04
131072 3.340244e-04
262144 6.198883e-04
262144 5.979538e-04
262144 6.339550e-04
262144 6.659031e-04
262144 7.040501e-04
262144 6.668568e-04
262144 6.680489e-04
262144 6.151199e-04
262144 5.981922e-04
262144 6.449223e-04
262144 6.201267e-04
262144 5.979538e-04
262144 6.139278e-04
262144 6.668568e-04
262144 6.968975e-04
262144 6.690025e-04
262144 6.668568e-04
262144 6.320477e-04
262144 5.979538e-04
262144 6.251335e-04
262144 6.959438e-04
262144 6.668568e-04
262144 6.668568e-04
262144 6.670952e-04
262144 6.191730e-04
262144 5.979538e-04
262144 6.680489e-04
262144 6.659031e-04
262144 6.668568e-04
262144 6.670952e-04
262144 6.661415e-04
262144 6.110668e-04
262144 6.368160e-04
262144 6.489754e-04
262144 6.670952e-04
262144 6.670952e-04
262144 6.661415e-04
262144 6.668568e-04
262144 6.170273e-04
262144 5.970001e-04
262144 6.620884e-04
262144 6.670952e-04
262144 6.670952e-04
262144 6.659031e-04
262144 6.618500e-04
262144 6.260872e-04
262144 5.970001e-04
262144 6.680489e-04
262144 6.670952e-04
262144 6.668568e-04
262144 6.659031e-04
262144 6.740093e-04
262144 5.979538e-04
262144 6.070137e-04
262144 6.670952e-04
262144 6.661415e-04
262144 6.661415e-04
262144 6.961823e-04
262144 6.349087e-04
262144 5.981922e-04
262144 6.210804e-04
262144 6.659031e-04
262144 6.659031e-04
262144 3.111839e-03
262144 5.979538e-04
262144 6.902218e-04
262144 6.670952e-04
262144 6.661415e-04
262144 6.670952e-04
262144 6.499290e-04
262144 5.970001e-04
262144 6.101131e-04
262144 6.928444e-04
262144 6.670952e-04
262144 6.680489e-04
262144 6.670952e-04
262144 6.361008e-04
262144 5.970001e-04
262144 6.439686e-04
262144 6.680489e-04
262144 6.670952e-04
262144 6.668568e-04
262144 6.659031e-04
262144 6.210804e-04
262144 6.279945e-04
262144 6.358624e-04
262144 6.670952e-04
262144 6.661415e-04
262144 6.670952e-04
262144 6.659031e-04
262144 6.439686e-04
262144 5.981922e-04
262144 6.411076e-04
262144 6.670952e-04
262144 6.659031e-04
262144 6.668568e-04
262144 6.840229e-04
262144 6.051064e-04
262144 5.981922e-04
262144 6.489754e-04
524288 1.331091e-03
524288 1.366138e-03
524288 1.194000e-03
524288 1.319885e-03
524288 1.358032e-03
524288 1.260996e-03
524288 1.255989e-03
524288 1.353979e-03
524288 1.323938e-03
524288 1.194000e-03
524288 1.363993e-03
524288 1.332045e-03
524288 1.244068e-03
524288 1.302004e-03
524288 1.332998e-03
524288 1.309156e-03
524288 1.230001e-03
524288 1.330853e-03
524288 1.330137e-03
524288 1.245022e-03
524288 1.291990e-03
524288 1.331091e-03
524288 1.308203e-03
524288 1.224995e-03
524288 1.332045e-03
524288 1.347065e-03
524288 1.211882e-03
524288 1.303911e-03
524288 1.338959e-03
524288 1.281977e-03
524288 1.236916e-03
524288 1.331091e-03
524288 1.342058e-03
524288 1.205921e-03
524288 1.309872e-03
524288 1.343012e-03
524288 1.274824e-03
524288 1.245975e-03
524288 1.353025e-03
524288 1.334190e-03
524288 1.194000e-03
524288 1.338959e-03
524288 1.331806e-03
524288 1.262903e-03
524288 1.271963e-03
524288 1.332045e-03
524288 1.322985e-03
524288 1.204014e-03
524288 1.333952e-03
524288 1.331091e-03
524288 1.266956e-03
524288 1.271009e-03
524288 1.330853e-03
524288 1.326084e-03
524288 1.208067e-03
524288 1.329899e-03
524288 1.341105e-03
524288 1.237154e-03
524288 1.283169e-03
524288 1.341105e-03
524288 1.299858e-03
524288 1.219988e-03
524288 1.351833e-03
524288 1.331091e-03
524288 1.222849e-03
524288 1.317978e-03
524288 1.330853e-03
524288 1.281977e-03
524288 1.236916e-03
524288 1.342058e-03
524288 1.332045e-03
524288 1.207829e-03
524288 1.322031e-03
524288 1.330853e-03
524288 1.272917e-03
524288 1.256943e-03
524288 1.331091e-03
524288 1.332998e-03
524288 1.214981e-03
524288 1.314878e-03
524288 1.332045e-03
524288 1.275778e-03
524288 1.251936e-03
524288 1.331091e-03
524288 1.353979e-03
524288 1.194000e-03
524288 1.323938e-03
524288 1.341105e-03
524288 1.256943e-03
524288 1.260996e-03
524288 1.338005e-03
524288 1.327038e-03
524288 1.194000e-03
524288 1.338959e-03
524288 1.329899e-03
524288 1.250982e-03
524288 1.278877e-03
524288 1.330853e-03
524288 1.315117e-03
524288 1.217127e-03
1048576 2.656937e-03
1048576 2.523899e-03
1048576 2.638102e-03
1048576 2.561092e-03
1048576 2.568007e-03
1048576 2.611160e-03
1048576 2.528906e-03
1048576 2.668858e-03
1048576 2.513885e-03
1048576 2.625942e-03
1048576 2.595901e-03
1048576 2.542019e-03
1048576 2.640963e-03
1048576 2.521038e-03
1048576 2.591848e-03
1048576 2.535820e-03
1048576 2.649069e-03
1048576 2.544165e-03
1048576 2.667904e-03
1048576 2.517939e-03
1048576 2.599001e-03
1048576 2.593994e-03
1048576 2.520084e-03
1048576 2.668142e-03
1048576 2.534866e-03
1048576 2.651930e-03
1048576 2.539873e-03
1048576 2.590895e-03
1048576 2.596140e-03
1048576 2.519131e-03
1048576 2.662897e-03
1048576 2.528906e-03
1048576 2.653122e-03
1048576 2.534151e-03
1048576 2.583027e-03
1048576 2.618790e-03
1048576 2.516031e-03
1048576 2.683878e-03
1048576 2.526999e-03
1048576 2.625942e-03
1048576 2.563000e-03
1048576 2.562046e-03
1048576 2.620935e-03
1048576 2.532005e-03
1048576 2.668858e-03
1048576 2.517939e-03
1048576 2.625942e-03
1048576 2.563000e-03
1048576 2.555847e-03
1048576 2.640963e-03
1048576 2.519846e-03
1048576 2.675056e-03
1048576 2.533913e-03
1048576 2.603054e-03
1048576 2.591133e-03
1048576 2.547026e-03
1048576 2.640963e-03
1048576 2.531052e-03
1048576 2.675056e-03
1048576 2.516985e-03
1048576 2.615929e-03
1048576 2.588034e-03
1048576 2.530098e-03
1048576 2.660036e-03
1048576 2.516985e-03
1048576 2.686024e-03
1048576 2.524853e-03
1048576 2.599001e-03
1048576 2.588987e-03
1048576 2.537966e-03
1048576 2.650976e-03
1048576 2.533197e-03
1048576 2.676010e-03
1048576 2.520084e-03
1048576 2.602100e-03
1048576 2.603054e-03
1048576 2.519131e-03
1048576 2.666950e-03
1048576 2.532005e-03
1048576 2.653122e-03
1048576 2.540112e-03
1048576 2.599001e-03
1048576 2.596140e-03
1048576 2.527952e-03
1048576 2.661228e-03
1048576 2.528191e-03
1048576 2.659082e-03
1048576 2.526999e-03
1048576 2.591848e-03
1048576 2.609968e-03
1048576 2.508879e-03
1048576 2.676010e-03
1048576 2.532005e-03
1048576 2.643824e-03
1048576 2.549887e-03
1048576 2.581120e-03
1048576 2.604008e-03
1048576 2.522945e-03
1048576 2.676010e-03
1048576 2.516985e-03
