1000 2.503395e-05
1000 1.120567e-05
1000 1.001358e-05
1000 2.193451e-05
1000 1.950264e-04
1000 1.096725e-05
1000 9.059906e-06
1000 1.096725e-05
1000 8.821487e-06
1000 9.059906e-06
1000 2.908707e-05
1000 8.821487e-06
1000 9.059906e-06
1000 8.106232e-06
1000 1.749992e-04
1000 9.059906e-06
1000 7.867813e-06
1000 7.867813e-06
1000 8.106232e-06
1000 6.914139e-06
1000 8.106232e-06
1000 8.106232e-06
1000 8.106232e-06
1000 7.152557e-06
1000 8.106232e-06
1000 6.914139e-06
1000 7.867813e-06
1000 9.059906e-06
1000 7.152557e-06
1000 8.106232e-06
1000 9.059906e-06
1000 7.867813e-06
1000 7.867813e-06
1000 9.059906e-06
1000 7.152557e-06
1000 1.001358e-05
1000 6.914139e-06
1000 7.867813e-06
1000 6.914139e-06
1000 7.867813e-06
1000 6.914139e-06
1000 8.106232e-06
1000 6.914139e-06
1000 8.106232e-06
1000 7.152557e-06
1000 8.106232e-06
1000 7.152557e-06
1000 8.106232e-06
1000 7.152557e-06
1000 8.106232e-06
1000 7.152557e-06
1000 8.106232e-06
1000 7.152557e-06
1000 7.152557e-06
1000 6.914139e-06
1000 6.914139e-06
1000 8.106232e-06
1000 7.867813e-06
1000 7.867813e-06
1000 6.914139e-06
1000 7.867813e-06
1000 6.914139e-06
1000 7.867813e-06
1000 7.867813e-06
1000 6.914139e-06
1000 6.914139e-06
1000 6.914139e-06
1000 8.106232e-06
1000 6.914139e-06
1000 8.106232e-06
1000 7.152557e-06
1000 5.960464e-06
1000 8.106232e-06
1000 7.867813e-06
1000 6.914139e-06
1000 7.867813e-06
1000 2.408028e-05
1000 7.152557e-06
1000 8.106232e-06
1000 8.106232e-06
1000 8.106232e-06
1000 6.914139e-06
1000 8.106232e-06
1000 6.914139e-06
1000 7.867813e-06
1000 6.914139e-06
1000 6.914139e-06
1000 7.867813e-06
1000 6.914139e-06
1000 7.867813e-06
1000 6.914139e-06
1000 2.288818e-05
1000 6.914139e-06
1000 7.867813e-06
1000 6.914139e-06
1000 6.914139e-06
1000 7.867813e-06
1000 6.914139e-06
1000 7.867813e-06
1000 6.914139e-06
10000 4.696846e-05
10000 4.696846e-05
10000 4.792213e-05
10000 4.816055e-05
10000 4.696846e-05
10000 4.792213e-05
10000 4.792213e-05
10000 4.696846e-05
10000 4.792213e-05
10000 4.816055e-05
10000 4.696846e-05
10000 4.696846e-05
10000 4.792213e-05
10000 4.696846e-05
10000 4.696846e-05
10000 4.792213e-05
10000 4.792213e-05
10000 4.792213e-05
10000 4.982948e-05
10000 4.696846e-05
10000 4.792213e-05
10000 4.720688e-05
10000 5.793571e-05
10000 4.696846e-05
10000 4.792213e-05
10000 4.696846e-05
10000 4.696846e-05
10000 4.696846e-05
10000 4.696846e-05
10000 4.696846e-05
10000 4.816055e-05
10000 4.696846e-05
10000 4.696846e-05
10000 4.792213e-05
10000 4.816055e-05
10000 4.720688e-05
10000 4.696846e-05
10000 4.696846e-05
10000 4.792213e-05
10000 4.816055e-05
10000 4.696846e-05
10000 4.792213e-05
10000 4.792213e-05
10000 4.696846e-05
10000 4.696846e-05
10000 4.816055e-05
10000 5.507469e-05
10000 4.720688e-05
10000 4.911423e-05
10000 4.911423e-05
10000 4.816055e-05
10000 4.911423e-05
10000 9.779930e-04
10000 1.199245e-04
10000 5.006790e-05
10000 4.911423e-05
10000 5.197525e-05
10000 5.316734e-05
10000 4.696846e-05
10000 4.792213e-05
10000 4.792213e-05
10000 4.792213e-05
10000 4.696846e-05
10000 4.816055e-05
10000 4.816055e-05
10000 4.696846e-05
10000 4.696846e-05
10000 4.696846e-05
10000 4.720688e-05
10000 4.792213e-05
10000 5.006790e-05
10000 4.792213e-05
10000 4.792213e-05
10000 4.792213e-05
10000 4.696846e-05
10000 4.696846e-05
10000 4.696846e-05
10000 4.792213e-05
10000 4.792213e-05
10000 4.696846e-05
10000 4.696846e-05
10000 4.696846e-05
10000 4.696846e-05
10000 4.792213e-05
10000 4.792213e-05
10000 4.696846e-05
10000 4.696846e-05
10000 4.696846e-05
10000 4.696846e-05
10000 4.792213e-05
10000 4.816055e-05
10000 4.696846e-05
10000 4.696846e-05
10000 4.792213e-05
10000 4.696846e-05
10000 4.696846e-05
10000 4.792213e-05
10000 5.197525e-05
10000 4.696846e-05
10000 4.696846e-05
100000000 4.427080e-01
100000000 4.425550e-01
100000000 4.421821e-01
100000000 4.424028e-01
100000000 4.422300e-01
100000000 4.422071e-01
100000000 4.422300e-01
100000000 4.423730e-01
100000000 4.423590e-01
100000000 4.424751e-01
100000000 4.424820e-01
100000000 4.424698e-01
100000000 4.423549e-01
100000000 4.425499e-01
100000000 4.424670e-01
100000000 4.423549e-01
100000000 4.422710e-01
100000000 4.423420e-01
100000000 4.421389e-01
100000000 4.422119e-01
100000000 4.424579e-01
100000000 4.425340e-01
100000000 4.426861e-01
100000000 4.427269e-01
100000000 4.425061e-01
100000000 4.424882e-01
100000000 4.425211e-01
100000000 4.404249e-01
100000000 4.401209e-01
100000000 4.425960e-01
100000000 4.425550e-01
100000000 4.426091e-01
100000000 4.427640e-01
100000000 4.427109e-01
100000000 4.426830e-01
100000000 4.426908e-01
100000000 4.425881e-01
100000000 4.424751e-01
100000000 4.426029e-01
100000000 4.425352e-01
100000000 4.424689e-01
100000000 5.024621e-01
100000000 4.429231e-01
100000000 4.427629e-01
100000000 4.435320e-01
100000000 4.426410e-01
100000000 4.425650e-01
100000000 4.424989e-01
100000000 4.424100e-01
100000000 4.424670e-01
100000000 4.425669e-01
100000000 4.425681e-01
100000000 4.425919e-01
100000000 4.426279e-01
100000000 4.425931e-01
100000000 4.427669e-01
100000000 4.427309e-01
100000000 4.425600e-01
100000000 4.425519e-01
100000000 4.426250e-01
100000000 4.426990e-01
100000000 4.410551e-01
100000000 4.407229e-01
100000000 4.407108e-01
100000000 4.405921e-01
100000000 4.427600e-01
100000000 4.426029e-01
100000000 4.426930e-01
100000000 4.424970e-01
100000000 4.426501e-01
100000000 4.426861e-01
100000000 4.424589e-01
100000000 4.427149e-01
100000000 4.405441e-01
100000000 4.424560e-01
100000000 4.407721e-01
100000000 4.426851e-01
100000000 4.422450e-01
100000000 4.424481e-01
100000000 4.424880e-01
100000000 4.424911e-01
100000000 4.423239e-01
100000000 4.423950e-01
100000000 4.425669e-01
100000000 4.422219e-01
100000000 4.406729e-01
100000000 4.407780e-01
100000000 4.427061e-01
100000000 4.428961e-01
100000000 4.425619e-01
100000000 4.421549e-01
100000000 4.420731e-01
100000000 4.407620e-01
100000000 4.423151e-01
100000000 4.423621e-01
100000000 4.422109e-01
100000000 4.421821e-01
100000000 4.421399e-01
100000000 4.425859e-01
100000000 4.423800e-01
