1 7.784596e+01
1 7.809085e+01
1 7.815449e+01
1 7.815350e+01
1 7.793030e+01
2 4.113465e+01
2 4.120086e+01
2 4.123993e+01
2 4.107096e+01
2 4.107504e+01
4 2.244704e+01
4 2.196030e+01
4 2.229740e+01
4 2.178128e+01
4 2.229972e+01
8 1.284570e+01
8 1.243624e+01
8 1.256221e+01
8 1.297480e+01
8 1.302472e+01
1 7.752230e+01
1 7.742091e+01
1 7.750069e+01
1 7.751037e+01
1 7.748877e+01
2 4.166298e+01
2 4.154144e+01
2 4.153029e+01
2 4.130754e+01
2 4.152180e+01
4 2.211617e+01
4 2.214158e+01
4 2.227675e+01
4 2.209293e+01
4 2.227321e+01
8 1.262035e+01
8 1.309438e+01
8 1.282360e+01
8 1.298793e+01
8 1.295013e+01
1 7.696340e+01
1 7.870563e+01
1 7.705566e+01
1 7.840762e+01
1 7.840052e+01
2 4.079474e+01
2 4.050503e+01
2 4.086078e+01
2 4.082369e+01
2 4.059289e+01
4 2.164578e+01
4 2.226903e+01
4 2.321624e+01
4 2.225783e+01
4 2.227808e+01
8 1.283078e+01
8 1.306466e+01
8 1.236055e+01
8 1.311477e+01
8 1.296703e+01
1 7.696127e+01
1 7.719554e+01
1 7.743133e+01
1 7.860324e+01
1 7.817809e+01
2 4.018053e+01
2 4.042487e+01
2 4.027097e+01
2 4.062612e+01
2 4.058438e+01
4 2.234567e+01
4 2.175651e+01
4 2.217933e+01
4 2.202890e+01
4 2.222733e+01
8 1.267140e+01
8 1.314495e+01
8 1.290888e+01
8 1.221407e+01
8 1.223760e+01
