128 128
0 1
0 5
0 10
0 11
0 14
0 15
0 16
0 17
0 18
0 19
0 20
0 28
0 30
0 59
0 60
0 68
0 77
0 79
0 80
0 81
0 82
0 121
0 127
1 1
1 5
1 9
1 10
1 11
1 12
1 13
1 15
1 16
1 18
1 29
1 37
1 39
1 41
1 52
1 55
1 59
1 61
1 68
1 77
1 78
1 79
1 83
1 88
1 91
1 103
1 104
1 126
2 9
2 10
2 13
2 37
2 39
2 42
2 43
2 51
2 52
2 54
2 55
2 59
2 63
2 64
2 76
2 78
2 83
2 89
2 91
2 103
2 106
2 120
2 127
3 0
3 1
3 3
3 10
3 14
3 15
3 16
3 19
3 21
3 36
3 52
3 54
3 65
3 76
3 83
3 91
3 92
3 93
3 103
3 107
3 109
3 110
3 113
3 116
4 0
4 2
4 3
4 15
4 16
4 17
4 19
4 22
4 24
4 37
4 38
4 39
4 53
4 63
4 66
4 70
4 76
4 78
4 79
4 81
4 91
4 92
4 93
4 103
4 110
4 113
4 117
4 118
5 1
5 2
5 15
5 25
5 26
5 37
5 38
5 39
5 40
5 61
5 62
5 65
5 69
5 70
5 77
5 80
5 92
5 103
5 108
5 109
5 112
5 126
6 6
6 13
6 14
6 19
6 20
6 26
6 27
6 41
6 65
6 69
6 75
6 76
6 77
6 79
6 80
6 81
6 86
6 87
6 88
6 103
6 106
6 109
6 125
6 126
6 127
7 0
7 3
7 6
7 7
7 13
7 14
7 19
7 21
7 27
7 28
7 31
7 38
7 42
7 43
7 65
7 68
7 69
7 70
7 74
7 75
7 77
7 78
7 80
7 81
7 104
7 105
7 109
7 110
7 125
7 126
8 7
8 19
8 21
8 25
8 30
8 31
8 67
8 68
8 69
8 70
8 71
8 74
8 75
8 77
8 78
8 79
8 80
8 110
8 122
8 124
9 1
9 3
9 4
9 5
9 6
9 16
9 20
9 21
9 30
9 32
9 70
9 74
9 75
9 76
9 79
9 106
9 107
9 108
9 109
9 114
9 122
10 3
10 4
10 5
10 16
10 18
10 19
10 20
10 21
10 22
10 26
10 31
10 34
10 35
10 41
10 106
10 107
10 108
10 114
10 116
10 121
10 126
10 127
11 0
11 1
11 2
11 17
11 20
11 21
11 23
11 24
11 27
11 34
11 35
11 39
11 41
11 44
11 69
11 70
11 107
11 117
11 118
11 121
11 122
11 127
12 1
12 2
12 18
12 19
12 24
12 25
12 27
12 28
12 38
12 39
12 71
12 110
12 111
12 112
12 117
12 123
13 19
13 39
13 41
13 45
13 69
13 70
13 73
13 109
13 112
13 113
13 114
13 121
13 122
14 40
14 42
14 43
14 45
14 57
14 68
14 69
14 70
14 71
14 85
14 86
14 109
14 117
15 5
15 6
15 44
15 56
15 57
15 58
15 85
15 86
15 103
15 104
15 109
15 110
15 117
15 118
16 5
16 7
16 25
16 26
16 73
16 97
16 103
16 104
16 105
16 111
16 116
16 117
16 124
16 126
17 6
17 25
17 51
17 53
17 54
17 55
17 56
17 57
17 68
17 69
17 71
17 72
17 96
17 112
17 114
17 115
17 116
17 117
17 123
18 52
18 54
18 55
18 56
18 58
18 70
18 87
18 88
18 89
18 96
18 98
18 123
18 126
19 5
19 26
19 30
19 52
19 53
19 54
19 57
19 58
19 59
19 73
19 74
19 84
19 85
19 87
19 88
19 89
19 96
19 97
19 98
19 124
19 126
20 2
20 28
20 30
20 58
20 60
20 68
20 69
20 73
20 74
20 83
20 84
20 85
20 87
20 90
20 96
20 102
20 104
20 107
20 108
20 124
20 125
21 2
21 28
21 31
21 34
21 38
21 39
21 40
21 44
21 45
21 58
21 60
21 63
21 64
21 65
21 68
21 70
21 84
21 85
21 88
21 90
21 95
21 96
21 102
21 104
21 106
21 109
21 125
21 126
22 1
22 6
22 7
22 9
22 10
22 33
22 34
22 37
22 38
22 40
22 42
22 43
22 44
22 45
22 46
22 47
22 56
22 58
22 59
22 62
22 65
22 68
22 85
22 88
22 89
22 90
22 95
22 96
22 103
22 104
22 107
22 109
22 110
22 123
22 125
22 126
23 4
23 5
23 6
23 7
23 8
23 9
23 11
23 31
23 39
23 43
23 46
23 48
23 50
23 51
23 52
23 53
23 55
23 60
23 65
23 69
23 99
23 100
23 107
23 122
23 123
23 125
23 126
24 0
24 7
24 9
24 11
24 28
24 29
24 31
24 37
24 38
24 45
24 48
24 49
24 50
24 51
24 52
24 60
24 65
24 79
24 80
24 91
24 95
24 96
24 97
24 98
24 99
24 100
24 107
24 111
24 124
24 126
24 127
25 6
25 7
25 34
25 42
25 44
25 46
25 48
25 49
25 50
25 60
25 65
25 77
25 78
25 82
25 94
25 95
25 98
25 105
25 110
25 127
26 0
26 4
26 6
26 7
26 8
26 51
26 55
26 56
26 60
26 65
26 77
26 78
26 80
26 84
26 90
26 105
26 107
27 2
27 3
27 5
27 6
27 43
27 44
27 52
27 54
27 56
27 60
27 61
27 62
27 63
27 64
27 76
27 77
27 78
27 80
27 84
27 91
27 93
27 94
27 117
27 118
28 3
28 5
28 25
28 26
28 43
28 44
28 53
28 60
28 62
28 67
28 69
28 76
28 92
28 93
28 101
28 102
28 103
28 105
28 106
28 117
28 119
29 4
29 14
29 18
29 20
29 24
29 25
29 29
29 43
29 60
29 67
29 70
29 77
29 78
29 79
29 82
29 93
29 94
29 97
29 98
29 102
29 103
29 105
29 106
29 108
29 109
29 110
30 8
30 9
30 13
30 17
30 18
30 21
30 28
30 29
30 59
30 67
30 69
30 78
30 79
30 80
30 81
30 82
30 83
30 93
30 100
30 101
30 105
30 109
30 110
30 117
30 120
31 8
31 9
31 15
31 17
31 22
31 27
31 28
31 30
31 83
31 84
31 91
31 92
31 100
31 106
31 107
31 108
31 117
31 118
32 8
32 9
32 12
32 13
32 15
32 19
32 26
32 28
32 29
32 31
32 50
32 86
32 91
32 93
32 107
32 108
32 115
32 116
32 119
32 123
32 124
33 13
33 19
33 22
33 25
33 27
33 28
33 49
33 51
33 84
33 85
33 86
33 90
33 91
33 93
33 94
33 115
33 116
33 118
33 121
33 124
34 19
34 20
34 22
34 25
34 27
34 52
34 76
34 77
34 85
34 91
34 93
34 94
34 115
34 116
34 118
34 120
34 121
34 122
34 123
34 125
35 7
35 8
35 9
35 11
35 13
35 19
35 21
35 26
35 42
35 48
35 52
35 53
35 76
35 77
35 91
35 124
35 125
35 126
36 7
36 8
36 11
36 21
36 22
36 37
36 38
36 43
36 49
36 61
36 62
36 63
36 93
36 119
36 120
36 124
36 125
36 126
37 4
37 21
37 22
37 40
37 43
37 49
37 50
37 63
37 103
37 119
37 122
37 125
37 127
38 4
38 6
38 8
38 9
38 21
38 37
38 38
38 40
38 43
38 48
38 53
38 62
38 91
38 92
38 93
38 94
38 95
38 103
38 104
38 120
38 121
38 125
38 127
39 5
39 8
39 9
39 18
39 21
39 38
39 39
39 40
39 42
39 44
39 68
39 69
39 79
39 90
39 92
39 94
39 115
39 116
40 6
40 7
40 18
40 19
40 20
40 38
40 43
40 44
40 46
40 47
40 52
40 68
40 69
40 78
40 80
40 90
40 91
40 94
40 95
40 101
40 102
40 114
40 117
40 127
41 0
41 25
41 38
41 39
41 40
41 41
41 42
41 46
41 47
41 49
41 68
41 69
41 78
41 80
41 90
41 101
41 102
41 104
41 105
41 114
41 117
41 124
42 0
42 23
42 24
42 25
42 34
42 37
42 41
42 42
42 46
42 48
42 50
42 79
42 91
42 92
42 93
42 99
42 101
42 102
42 103
42 104
42 105
42 115
42 116
42 127
43 2
43 18
43 19
43 23
43 33
43 34
43 35
43 37
43 38
43 39
43 40
43 44
43 45
43 49
43 51
43 52
43 64
43 65
43 69
43 85
43 86
43 92
43 93
43 99
43 100
43 105
43 124
43 125
43 127
44 0
44 2
44 3
44 4
44 17
44 20
44 23
44 26
44 27
44 28
44 29
44 30
44 33
44 34
44 36
44 37
44 39
44 43
44 45
44 47
44 48
44 62
44 63
44 64
44 65
44 68
44 69
44 70
44 71
44 84
44 87
44 100
44 104
44 106
44 107
44 126
45 18
45 19
45 24
45 25
45 26
45 27
45 28
45 29
45 31
45 34
45 36
45 37
45 43
45 56
45 57
45 62
45 63
45 65
45 68
45 72
45 76
45 84
45 87
45 105
45 106
45 123
45 125
45 126
45 127
46 25
46 26
46 27
46 28
46 29
46 30
46 31
46 35
46 36
46 43
46 48
46 55
46 56
46 57
46 61
46 65
46 69
46 72
46 75
46 77
46 85
46 90
46 122
46 126
47 35
47 59
47 65
47 73
47 76
47 77
47 78
47 86
47 89
47 97
47 124
47 125
47 126
48 12
48 55
48 58
48 70
48 71
48 73
48 74
48 76
48 77
48 81
48 83
48 86
48 95
48 125
49 11
49 19
49 20
49 44
49 47
49 55
49 63
49 73
49 81
49 83
49 89
49 90
49 95
49 97
49 98
49 110
49 111
49 112
49 114
49 115
49 116
50 11
50 18
50 28
50 29
50 45
50 47
50 49
50 51
50 52
50 53
50 54
50 57
50 62
50 79
50 81
50 82
50 88
50 89
50 90
50 97
50 101
50 110
50 114
50 117
51 17
51 22
51 23
51 24
51 28
51 30
51 31
51 48
51 49
51 50
51 52
51 54
51 57
51 61
51 79
51 80
51 88
51 91
51 100
51 102
51 109
51 111
51 112
51 118
51 124
52 17
52 24
52 30
52 31
52 57
52 90
52 91
52 99
52 103
52 112
52 114
52 115
52 116
52 117
52 118
52 122
52 123
52 125
53 17
53 18
53 19
53 20
53 21
53 28
53 30
53 31
53 36
53 37
53 53
53 57
53 60
53 89
53 99
53 103
53 109
53 110
53 112
53 113
53 114
53 118
53 119
53 120
53 123
53 125
54 16
54 17
54 19
54 23
54 24
54 28
54 29
54 36
54 37
54 53
54 54
54 55
54 59
54 64
54 87
54 89
54 101
54 102
54 110
54 111
54 112
54 113
54 118
55 14
55 16
55 18
55 20
55 21
55 22
55 23
55 24
55 53
55 56
55 58
55 64
55 87
55 89
55 101
55 111
55 118
55 119
55 120
55 121
56 6
56 9
56 10
56 11
56 12
56 13
56 14
56 15
56 19
56 56
56 57
56 63
56 87
56 88
56 89
56 117
56 118
56 120
57 8
57 18
57 53
57 54
57 56
57 58
57 64
57 65
57 66
57 67
57 73
57 77
57 100
57 101
57 117
57 118
57 123
57 124
58 5
58 7
58 8
58 15
58 18
58 54
58 56
58 57
58 63
58 65
58 69
58 74
58 75
58 76
58 100
58 101
58 114
58 115
58 123
58 124
59 6
59 7
59 8
59 15
59 23
59 24
59 25
59 30
59 43
59 58
59 59
59 61
59 62
59 65
59 74
59 75
59 76
59 100
59 101
59 114
60 10
60 13
60 14
60 23
60 24
60 25
60 26
60 29
60 32
60 42
60 44
60 59
60 69
60 71
60 72
60 100
60 106
60 107
60 113
60 115
61 11
61 12
61 14
61 26
61 30
61 34
61 41
61 44
61 62
61 63
61 64
61 65
61 66
61 67
61 68
61 70
61 100
61 102
61 103
61 104
61 105
61 108
61 112
61 113
61 115
61 121
61 124
61 125
62 20
62 23
62 34
62 38
62 42
62 43
62 44
62 56
62 57
62 61
62 63
62 64
62 65
62 66
62 100
62 106
62 107
62 113
62 115
62 120
62 121
62 123
62 124
63 5
63 23
63 32
63 33
63 36
63 37
63 39
63 42
63 43
63 57
63 59
63 60
63 74
63 75
63 79
63 85
63 86
63 87
63 91
63 101
63 102
63 105
63 106
63 112
63 120
63 121
63 123
63 124
64 5
64 21
64 36
64 37
64 38
64 39
64 41
64 42
64 58
64 73
64 80
64 90
64 91
64 103
64 104
64 112
64 115
64 122
65 5
65 41
65 61
65 74
65 80
65 90
65 92
65 112
65 117
65 118
66 13
66 32
66 34
66 35
66 40
66 41
66 47
66 48
66 60
66 63
66 79
66 91
66 94
66 95
66 114
66 115
66 116
67 13
67 31
67 34
67 46
67 49
67 61
67 62
67 76
67 77
67 78
67 93
67 94
67 95
67 97
67 114
67 115
67 116
68 38
68 47
68 51
68 77
68 97
68 98
68 102
68 103
68 111
68 112
69 16
69 37
69 47
69 52
69 55
69 56
69 57
69 64
69 65
69 90
69 92
69 98
69 102
69 103
69 104
69 106
69 107
69 111
69 123
69 124
70 16
70 18
70 33
70 34
70 38
70 48
70 49
70 53
70 55
70 56
70 57
70 63
70 65
70 66
70 68
70 69
70 73
70 74
70 91
70 92
70 95
70 97
70 98
70 110
70 113
70 114
70 119
70 120
70 122
70 123
70 124
71 18
71 64
71 66
71 67
71 68
71 73
71 74
71 78
71 91
71 92
71 95
71 110
71 111
71 113
71 114
71 123
71 125
72 16
72 50
72 51
72 67
72 70
72 79
72 94
72 95
72 97
72 111
72 112
72 113
72 114
72 124
72 125
72 126
73 8
73 16
73 18
73 23
73 39
73 40
73 51
73 52
73 67
73 70
73 78
73 94
73 95
73 99
73 124
73 126
74 3
74 8
74 15
74 18
74 22
74 23
74 38
74 42
74 50
74 51
74 57
74 58
74 67
74 70
74 96
74 98
74 99
74 100
74 124
74 125
74 126
75 2
75 15
75 21
75 23
75 39
75 40
75 42
75 48
75 50
75 51
75 56
75 58
75 63
75 64
75 66
75 67
75 68
75 71
75 95
75 101
75 124
75 125
75 126
76 20
76 21
76 40
76 42
76 47
76 48
76 49
76 56
76 58
76 64
76 66
76 81
76 97
76 98
76 101
76 124
76 125
77 6
77 7
77 8
77 23
77 24
77 43
77 45
77 66
77 68
77 69
77 70
77 79
77 80
77 82
77 83
77 98
77 99
77 101
77 116
77 124
77 125
77 126
78 3
78 8
78 24
78 25
78 38
78 39
78 43
78 57
78 61
78 67
78 68
78 69
78 78
78 79
78 82
78 95
78 96
78 97
78 98
78 101
78 103
78 116
78 124
79 2
79 7
79 24
79 25
79 26
79 37
79 43
79 51
79 53
79 58
79 59
79 61
79 70
79 77
79 82
79 85
79 86
79 87
79 95
79 96
79 100
79 103
79 104
79 116
79 123
79 124
80 2
80 6
80 18
80 27
80 38
80 39
80 51
80 54
80 60
80 77
80 78
80 80
80 81
80 83
80 84
80 88
80 96
80 112
80 124
80 125
81 3
81 5
81 17
81 18
81 20
81 21
81 22
81 26
81 27
81 28
81 45
81 46
81 51
81 53
81 60
81 64
81 65
81 67
81 77
81 78
81 80
81 89
81 101
81 105
81 106
81 107
81 108
81 110
81 111
81 113
82 18
82 19
82 21
82 22
82 23
82 24
82 25
82 27
82 43
82 44
82 45
82 46
82 59
82 60
82 61
82 62
82 63
82 65
82 66
82 67
82 81
82 84
82 85
82 97
82 98
82 101
82 106
82 108
82 109
82 110
82 111
82 114
83 6
83 7
83 17
83 19
83 21
83 22
83 23
83 24
83 25
83 26
83 43
83 56
83 57
83 60
83 61
83 66
83 67
83 81
83 82
83 86
83 102
83 104
83 106
83 108
83 110
83 111
83 112
83 113
84 7
84 17
84 18
84 25
84 44
84 45
84 47
84 48
84 60
84 64
84 88
84 105
84 107
84 108
84 109
84 123
84 124
85 8
85 43
85 46
85 47
85 51
85 86
85 88
85 89
85 96
85 122
85 125
86 7
86 8
86 37
86 38
86 41
86 42
86 43
86 46
86 47
86 48
86 50
86 64
86 87
86 90
86 96
86 97
86 100
86 123
86 124
87 1
87 2
87 3
87 7
87 8
87 37
87 38
87 43
87 45
87 46
87 50
87 59
87 66
87 67
87 87
87 88
87 103
87 104
87 105
88 2
88 3
88 29
88 30
88 45
88 59
88 62
88 63
88 65
88 66
88 88
88 92
88 97
88 103
88 104
88 105
89 29
89 30
89 53
89 54
89 58
89 59
89 62
89 63
89 65
89 89
89 98
89 102
89 104
89 106
90 2
90 3
90 4
90 35
90 52
90 53
90 56
90 57
90 59
90 60
90 61
90 90
90 91
90 93
90 94
90 99
90 100
90 103
91 3
91 4
91 34
91 35
91 53
91 54
91 92
91 93
91 94
91 99
91 100
91 106
92 0
92 9
92 10
92 33
92 36
92 41
92 42
92 57
92 60
92 94
92 101
92 102
92 103
92 104
92 105
92 106
92 126
92 127
93 8
93 11
93 33
93 34
93 41
93 57
93 60
93 95
93 96
93 97
93 103
93 104
93 107
94 2
94 3
94 4
94 9
94 10
94 34
94 35
94 41
94 43
94 57
94 60
94 61
94 95
94 98
94 99
94 105
94 106
94 107
95 1
95 2
95 4
95 5
95 34
95 35
95 41
95 42
95 57
95 58
95 60
95 61
95 94
95 95
95 98
95 106
95 107
96 1
96 2
96 4
96 5
96 37
96 41
96 42
96 43
96 57
96 60
96 115
96 116
97 33
97 37
97 58
97 59
97 96
97 97
97 115
97 116
98 25
98 26
98 27
98 38
98 125
98 126
99 22
99 32
99 37
99 102
99 103
99 125
99 126
100 21
100 22
100 23
100 33
100 34
100 38
100 41
100 42
100 62
100 63
100 101
101 0
101 1
101 19
101 24
101 35
101 37
101 41
101 42
101 62
101 63
101 71
101 72
101 102
101 103
101 106
101 107
101 127
102 0
102 2
102 19
102 23
102 31
102 36
102 47
102 48
102 71
102 72
102 99
102 126
102 127
103 1
103 2
103 10
103 11
103 12
103 21
103 30
103 32
103 46
103 49
103 99
103 118
103 125
104 0
104 1
104 13
104 20
104 22
104 29
104 33
104 47
104 48
104 75
104 76
104 80
104 81
104 99
104 116
104 117
104 119
104 120
104 125
104 127
105 0
105 9
105 14
105 22
105 23
105 24
105 25
105 32
105 34
105 35
105 36
105 38
105 74
105 75
105 76
105 81
105 82
105 116
105 117
105 119
105 120
105 126
105 127
106 9
106 14
106 22
106 25
106 30
106 31
106 32
106 35
106 36
106 38
106 39
106 40
106 42
106 44
106 65
106 66
106 73
106 77
106 78
106 80
106 81
106 82
106 117
106 118
106 119
106 127
107 10
107 14
107 22
107 23
107 26
107 35
107 37
107 38
107 40
107 44
107 46
107 65
107 66
107 73
107 74
107 75
107 79
107 83
107 84
107 85
108 10
108 13
108 23
108 35
108 37
108 38
108 47
108 73
108 75
108 77
108 78
108 95
108 99
108 104
109 12
109 24
109 27
109 28
109 30
109 35
109 37
109 38
109 40
109 43
109 45
109 47
109 74
109 80
109 81
109 83
109 84
109 87
109 94
109 95
109 96
109 98
109 99
109 100
109 101
109 103
109 105
110 24
110 27
110 30
110 36
110 40
110 41
110 42
110 46
110 51
110 75
110 76
110 77
110 78
110 79
110 80
110 81
110 84
110 93
110 94
110 95
110 97
110 99
110 100
110 101
110 104
110 105
110 107
110 108
110 124
111 9
111 10
111 24
111 26
111 30
111 40
111 41
111 50
111 52
111 75
111 77
111 78
111 82
111 83
111 84
111 85
111 90
111 92
111 93
111 96
111 105
111 106
111 107
111 109
111 125
111 126
112 9
112 11
112 13
112 14
112 15
112 50
112 53
112 74
112 75
112 80
112 82
112 83
112 84
112 85
112 89
112 90
112 91
112 92
112 96
112 99
112 109
112 122
112 123
112 125
112 126
113 12
113 13
113 14
113 32
113 33
113 34
113 51
113 52
113 66
113 67
113 79
113 83
113 87
113 96
113 97
113 98
113 99
113 100
113 101
113 106
113 107
113 108
113 122
113 125
114 5
114 9
114 18
114 19
114 60
114 61
114 62
114 66
114 67
114 68
114 69
114 70
114 75
114 76
114 79
114 81
114 88
114 89
114 93
114 96
114 97
114 99
114 102
114 106
114 107
114 123
114 124
115 6
115 9
115 18
115 19
115 20
115 67
115 72
115 77
115 78
115 80
115 81
115 84
115 93
115 95
115 96
115 99
115 102
115 115
115 116
115 117
116 5
116 9
116 10
116 11
116 19
116 33
116 37
116 38
116 59
116 63
116 64
116 68
116 72
116 73
116 74
116 82
116 84
116 91
116 92
116 96
116 97
116 100
116 101
116 102
116 115
116 116
116 117
117 32
117 33
117 34
117 36
117 37
117 38
117 60
117 64
117 70
117 71
117 76
117 78
117 100
117 101
118 31
118 32
118 33
118 34
118 35
118 36
118 37
118 38
118 60
118 63
118 67
118 75
118 76
118 83
118 111
118 112
118 113
118 114
119 5
119 6
119 15
119 16
119 17
119 30
119 31
119 33
119 34
119 61
119 62
119 63
119 67
119 68
119 69
119 73
119 76
119 83
119 110
119 115
119 116
120 4
120 7
120 15
120 16
120 30
120 31
120 33
120 72
120 73
120 74
120 75
120 78
120 80
120 81
120 100
120 101
120 102
120 109
120 112
120 114
121 0
121 4
121 6
121 17
121 30
121 31
121 39
121 40
121 41
121 71
121 72
121 74
121 75
121 76
121 79
121 80
121 98
121 99
121 103
121 110
121 127
122 1
122 3
122 6
122 19
122 30
122 33
122 71
122 73
122 74
122 104
122 113
122 126
123 1
123 4
123 5
123 19
123 20
123 21
123 28
123 33
123 72
123 73
123 75
123 78
123 80
123 81
123 87
123 88
123 89
123 104
123 105
123 106
123 113
123 116
123 126
123 127
124 20
124 21
124 23
124 24
124 29
124 30
124 31
124 54
124 59
124 60
124 72
124 73
124 85
124 86
124 90
124 98
124 103
124 105
124 106
124 113
124 116
124 127
125 0
125 14
125 20
125 24
125 25
125 29
125 30
125 59
125 60
125 61
125 75
125 85
125 86
125 88
125 90
125 91
125 92
125 94
125 99
125 103
125 116
125 117
126 14
126 15
126 18
126 23
126 28
126 29
126 30
126 52
126 53
126 61
126 76
126 77
126 78
126 95
126 100
126 102
126 115
126 116
126 121
127 0
127 4
127 5
127 17
127 20
127 21
127 52
127 54
127 59
127 60
127 61
127 62
127 63
127 64
127 65
127 66
127 67
127 78
127 80
127 95
127 96
127 120
127 122
127 127
