2 9.296060e-01
2 1.086544e+00
2 1.051371e+00
2 1.085093e+00
2 1.048822e+00
2 1.084291e+00
2 1.049497e+00
2 1.084987e+00
2 1.047774e+00
2 1.083451e+00
4 6.121099e-01
4 5.978699e-01
4 6.115930e-01
4 5.981469e-01
4 6.112912e-01
4 5.972149e-01
4 6.115110e-01
4 5.980690e-01
4 6.114872e-01
4 5.978501e-01
8 3.829541e-01
8 3.658578e-01
8 3.792210e-01
8 3.728580e-01
8 3.807669e-01
8 3.696790e-01
8 3.812289e-01
8 3.729770e-01
8 3.836629e-01
8 3.718331e-01
16 3.100591e-01
16 3.092768e-01
16 3.082099e-01
16 3.098669e-01
16 3.107240e-01
16 3.087101e-01
16 3.076282e-01
16 3.068349e-01
16 3.102582e-01
16 3.075778e-01
32 2.754290e-01
32 2.798510e-01
32 2.757480e-01
32 2.776651e-01
32 2.751639e-01
32 2.755151e-01
32 2.797949e-01
32 2.754080e-01
32 2.774179e-01
32 2.757149e-01
64 2.615201e-01
64 2.650950e-01
64 2.618158e-01
64 2.646441e-01
64 2.638531e-01
64 2.628522e-01
64 2.623448e-01
64 2.627499e-01
64 2.646239e-01
64 2.648330e-01
128 2.583721e-01
128 2.584100e-01
128 2.586191e-01
128 2.610359e-01
128 2.616389e-01
128 2.579329e-01
128 2.595069e-01
128 2.592309e-01
128 2.580972e-01
128 2.588081e-01
256 2.603362e-01
256 2.638569e-01
256 2.638400e-01
256 2.598650e-01
256 2.605369e-01
256 2.602730e-01
256 2.612379e-01
256 2.641790e-01
256 2.607222e-01
256 2.630110e-01
512 2.756021e-01
512 2.733541e-01
512 2.751138e-01
512 2.735169e-01
512 2.759829e-01
512 2.782362e-01
512 2.754791e-01
512 2.764900e-01
512 2.744000e-01
512 2.772689e-01
1024 3.086300e-01
1024 3.085308e-01
1024 3.086240e-01
1024 3.083200e-01
1024 3.080602e-01
1024 3.069520e-01
1024 3.093011e-01
1024 3.134580e-01
1024 3.088961e-01
1024 3.114231e-01
