2 2.515171e-01
2 2.514198e-01
2 2.502301e-01
2 2.492821e-01
2 2.490330e-01
2 2.527461e-01
2 2.521889e-01
2 2.498381e-01
2 2.519140e-01
2 2.521360e-01
4 2.480400e-01
4 2.476039e-01
4 2.476220e-01
4 2.514780e-01
4 2.500699e-01
4 2.478762e-01
4 2.505541e-01
4 2.477751e-01
4 2.479601e-01
4 2.486498e-01
8 2.469139e-01
8 2.507219e-01
8 2.503390e-01
8 2.460620e-01
8 2.484870e-01
8 2.463231e-01
8 2.463210e-01
8 2.474458e-01
8 2.469540e-01
8 2.504520e-01
16 2.593319e-01
16 2.462919e-01
16 2.500620e-01
16 2.452440e-01
16 2.447491e-01
16 2.464449e-01
16 2.462020e-01
16 2.492821e-01
16 2.477160e-01
16 2.467668e-01
32 2.474122e-01
32 2.455289e-01
32 2.447371e-01
32 2.452970e-01
32 2.456720e-01
32 2.477150e-01
32 2.475932e-01
32 2.459199e-01
32 2.468212e-01
32 2.463701e-01
64 2.453520e-01
64 2.467780e-01
64 2.454078e-01
64 2.481480e-01
64 2.481010e-01
64 2.462399e-01
64 2.488210e-01
64 2.475121e-01
64 2.480130e-01
64 2.476649e-01
128 2.468369e-01
128 2.499809e-01
128 2.502861e-01
128 2.488410e-01
128 2.504802e-01
128 2.505910e-01
128 2.470901e-01
128 2.470260e-01
128 2.469921e-01
128 2.501209e-01
256 2.563090e-01
256 2.525990e-01
256 2.584109e-01
256 2.572510e-01
256 2.526648e-01
256 2.543471e-01
256 2.530191e-01
256 2.552328e-01
256 2.551100e-01
256 2.562258e-01
512 2.680950e-01
512 2.641230e-01
512 2.616060e-01
512 2.642300e-01
512 2.612371e-01
512 2.649071e-01
512 2.640679e-01
512 2.618980e-01
512 2.615731e-01
512 2.621920e-01
1024 2.996342e-01
1024 3.002820e-01
1024 2.977891e-01
1024 2.996421e-01
1024 2.978048e-01
1024 3.013649e-01
1024 2.980211e-01
1024 2.998350e-01
1024 2.997739e-01
1024 2.981150e-01
