10 2.947650e-01
10 2.412529e-01
10 2.450910e-01
10 2.412560e-01
10 2.423730e-01
10 2.426231e-01
10 2.415581e-01
10 2.423899e-01
10 2.413521e-01
10 2.389040e-01
100 2.302089e-01
100 2.303159e-01
100 2.333181e-01
100 2.335091e-01
100 2.296622e-01
100 2.323971e-01
100 2.324381e-01
100 2.295220e-01
100 2.312438e-01
100 2.297001e-01
1000 2.891421e-01
1000 2.928278e-01
1000 2.891340e-01
1000 2.910159e-01
1000 2.895079e-01
1000 2.912071e-01
1000 3.012700e-01
1000 2.891700e-01
1000 2.912030e-01
1000 2.896061e-01
