2 2.649889e-01
2 2.634809e-01
2 2.679110e-01
2 2.667520e-01
2 2.637999e-01
2 2.666008e-01
2 2.637341e-01
2 2.637849e-01
2 2.675891e-01
2 2.637510e-01
4 2.632070e-01
4 2.630460e-01
4 2.603471e-01
4 2.607450e-01
4 2.599311e-01
4 2.636271e-01
4 2.625461e-01
4 2.613349e-01
4 2.612100e-01
4 2.605729e-01
8 2.482419e-01
8 2.528009e-01
8 2.469709e-01
8 2.511690e-01
8 2.504289e-01
8 2.470379e-01
8 2.475801e-01
8 2.481499e-01
8 2.486241e-01
8 2.511830e-01
16 2.370281e-01
16 2.416301e-01
16 2.398961e-01
16 2.366240e-01
16 2.369211e-01
16 2.365639e-01
16 2.359140e-01
16 2.370019e-01
16 2.367430e-01
16 2.407329e-01
32 2.367539e-01
32 2.323360e-01
32 2.352459e-01
32 2.349710e-01
32 2.320809e-01
32 2.320142e-01
32 2.323959e-01
32 2.322218e-01
32 2.323389e-01
32 2.328570e-01
64 2.380221e-01
64 2.357819e-01
64 2.317760e-01
64 2.361009e-01
64 2.365422e-01
64 2.309780e-01
64 2.309330e-01
64 2.310469e-01
64 2.312832e-01
64 2.307529e-01
128 2.339621e-01
128 2.380998e-01
128 2.391489e-01
128 2.343550e-01
128 2.389290e-01
128 2.365010e-01
128 2.340469e-01
128 2.360511e-01
128 2.342238e-01
128 2.336600e-01
256 2.394631e-01
256 2.392690e-01
256 2.432461e-01
256 2.450080e-01
256 2.392011e-01
256 2.429280e-01
256 2.397680e-01
256 2.403879e-01
256 2.394030e-01
256 2.394431e-01
512 2.617202e-01
512 2.610998e-01
512 2.559760e-01
512 2.593791e-01
512 2.564631e-01
512 2.566979e-01
512 2.613211e-01
512 2.559519e-01
512 2.595222e-01
512 2.610252e-01
1024 2.913599e-01
1024 2.914190e-01
1024 2.912910e-01
1024 2.960129e-01
1024 2.960310e-01
1024 2.914279e-01
1024 2.967532e-01
1024 2.911880e-01
1024 2.957799e-01
1024 2.912791e-01
