7.009544e+00
7.027182e+00
6.977842e+00
3.494494e+00
3.493614e+00
3.494477e+00
2.623238e+00
2.608518e+00
2.631674e+00
4.271650e-01
4.272590e-01
4.214232e-01
2.153552e-01
2.156880e-01
2.184598e-01
1.663070e-01
1.626921e-01
1.809709e-01
1.686262e+00
1.714612e+00
1.688725e+00
8.653159e-01
8.749549e-01
8.601251e-01
6.490870e-01
6.529038e-01
6.526489e-01
2.815256e+01
2.840772e+01
2.829659e+01
1.441439e+01
1.441668e+01
1.438069e+01
1.060324e+01
1.058704e+01
1.062472e+01
1.130009e+02
1.138613e+02
1.125981e+02
5.776900e+01
5.773761e+01
5.771462e+01
4.232613e+01
4.231903e+01
4.247061e+01
4.520880e+02
4.545955e+02
4.531583e+02
2.299914e+02
2.302979e+02
2.305876e+02
1.693228e+02
1.698611e+02
1.698574e+02
